BEGIN_TYPES
0 -1 object
1 0 thing
2 0 location
3 0 direction
4 1 player
5 1 stone
END_TYPES
BEGIN_OBJECTS
0 3 dir-down
1 3 dir-left
2 3 dir-right
3 3 dir-up
4 4 player-01
5 2 pos-1-1
6 2 pos-1-2
7 2 pos-1-3
8 2 pos-1-4
9 2 pos-1-5
10 2 pos-1-6
11 2 pos-1-7
12 2 pos-1-8
13 2 pos-2-1
14 2 pos-2-2
15 2 pos-2-3
16 2 pos-2-4
17 2 pos-2-5
18 2 pos-2-6
19 2 pos-2-7
20 2 pos-2-8
21 2 pos-3-1
22 2 pos-3-2
23 2 pos-3-3
24 2 pos-3-4
25 2 pos-3-5
26 2 pos-3-6
27 2 pos-3-7
28 2 pos-3-8
29 2 pos-4-1
30 2 pos-4-2
31 2 pos-4-3
32 2 pos-4-4
33 2 pos-4-5
34 2 pos-4-6
35 2 pos-4-7
36 2 pos-4-8
37 2 pos-5-1
38 2 pos-5-2
39 2 pos-5-3
40 2 pos-5-4
41 2 pos-5-5
42 2 pos-5-6
43 2 pos-5-7
44 2 pos-5-8
45 2 pos-6-1
46 2 pos-6-2
47 2 pos-6-3
48 2 pos-6-4
49 2 pos-6-5
50 2 pos-6-6
51 2 pos-6-7
52 2 pos-6-8
53 2 pos-7-1
54 2 pos-7-2
55 2 pos-7-3
56 2 pos-7-4
57 2 pos-7-5
58 2 pos-7-6
59 2 pos-7-7
60 2 pos-7-8
61 2 pos-8-1
62 2 pos-8-2
63 2 pos-8-3
64 2 pos-8-4
65 2 pos-8-5
66 2 pos-8-6
67 2 pos-8-7
68 2 pos-8-8
69 5 stone-01
70 5 stone-02
71 5 stone-03
72 5 stone-04
73 5 stone-05
74 5 stone-06
75 5 stone-07
76 5 stone-08
END_OBJECTS
BEGIN_PREDICATES
0 2 clear
1 1 2 at
2 5 at-goal
3 2 is-goal
4 2 is-nongoal
5 2 2 3 move-dir
END_PREDICATES
BEGIN_GOAL
2 69
2 70
2 71
2 72
2 73
2 74
2 75
2 76
END_GOAL
BEGIN_ACTIONS
END_ACTIONS
BEGIN_STATIC_FACTS
5 15 14 3
5 57 58 0
5 47 39 1
4 44
5 25 26 0
5 23 22 3
5 39 47 2
5 24 16 1
5 50 42 1
5 18 17 3
5 50 49 3
5 49 41 1
4 46
5 42 50 2
5 30 38 2
5 17 16 3
4 62
5 22 23 0
5 33 25 1
5 48 49 0
4 5
4 45
3 26
5 15 16 0
5 55 47 1
4 65
5 16 15 3
5 30 31 0
4 54
5 25 24 3
5 22 30 2
4 12
5 55 54 3
4 10
5 27 35 2
5 51 50 3
4 13
5 18 26 2
5 40 48 2
5 34 35 0
5 42 34 1
4 21
4 36
4 66
5 23 24 0
5 33 32 3
5 56 57 0
4 16
5 50 51 0
4 9
4 61
5 16 17 0
5 43 42 3
5 39 40 0
4 19
5 50 58 2
5 39 38 3
5 48 56 2
3 33
5 31 30 3
4 20
5 22 14 1
5 55 56 0
4 11
5 41 40 3
5 27 26 3
5 30 22 1
4 59
4 28
5 58 57 3
5 41 42 0
4 57
5 14 15 0
5 15 23 2
4 56
5 26 18 1
5 27 19 1
5 25 17 1
5 56 55 3
4 24
4 68
5 35 34 3
3 50
5 17 25 2
5 49 48 3
5 24 32 2
4 14
4 63
5 34 26 1
5 59 58 3
4 34
5 32 40 2
4 60
4 42
4 53
4 25
5 31 39 2
4 27
5 16 24 2
5 58 59 0
5 35 43 2
5 39 31 1
4 52
5 38 30 1
5 14 22 2
5 43 35 1
5 19 18 3
5 59 51 1
3 23
4 29
3 40
5 26 27 0
5 41 49 2
4 37
4 48
5 23 15 1
5 24 23 3
4 7
5 40 32 1
5 48 40 1
5 38 46 2
4 8
5 57 49 1
5 24 25 0
5 34 33 3
5 49 50 0
5 42 43 0
5 46 38 1
5 47 46 3
3 32
5 51 43 1
4 18
3 41
4 55
5 38 39 0
5 17 18 0
5 46 47 0
5 26 34 2
5 41 33 1
5 46 54 2
5 47 55 2
4 39
4 64
5 31 23 1
5 42 41 3
5 54 46 1
4 43
5 40 39 3
4 51
5 32 24 1
5 33 41 2
5 47 48 0
5 43 51 2
5 31 32 0
5 57 56 3
4 30
5 32 33 0
4 31
5 54 55 0
5 56 48 1
5 19 27 2
3 47
5 35 27 1
5 33 34 0
5 48 47 3
5 40 41 0
4 49
4 58
5 58 50 1
5 34 42 2
4 17
4 15
4 67
5 18 19 0
5 23 31 2
5 25 33 2
4 35
4 22
5 51 59 2
5 49 57 2
4 38
4 6
5 26 25 3
5 32 31 3
END_STATIC_FACTS
BEGIN_STATE_LIST
BEGIN_LABELED_STATE
25
BEGIN_STATE
0 19
0 54
0 59
0 15
0 22
0 18
0 27
0 46
0 55
0 51
0 58
0 23
0 26
0 47
0 50
0 16
0 17
0 30
0 38
0 35
0 43
0 56
0 57
1 69 31
1 70 39
1 71 24
1 72 48
0 32
0 33
1 73 25
0 40
0 41
1 74 49
1 75 34
1 76 42
1 4 14
END_STATE
END_LABELED_STATE
BEGIN_LABELED_STATE
24
BEGIN_STATE
0 14
0 19
0 54
0 59
0 15
0 18
0 27
0 46
0 55
0 51
0 58
0 23
0 26
0 47
0 50
0 16
0 17
0 30
0 38
0 35
0 43
0 56
0 57
1 69 31
1 70 39
1 71 24
1 72 48
0 32
0 33
1 73 25
0 40
0 41
1 74 49
1 75 34
1 76 42
1 4 22
END_STATE
END_LABELED_STATE
BEGIN_LABELED_STATE
23
BEGIN_STATE
0 14
0 19
0 54
0 59
0 15
0 22
0 18
0 27
0 46
0 55
0 51
0 58
0 23
0 26
0 47
0 50
0 16
0 17
0 38
0 35
0 43
0 56
0 57
1 69 31
1 70 39
1 71 24
1 72 48
0 32
0 33
1 73 25
0 40
0 41
1 74 49
1 75 34
1 76 42
1 4 30
END_STATE
END_LABELED_STATE
BEGIN_LABELED_STATE
22
BEGIN_STATE
0 14
0 19
0 54
0 59
0 15
0 22
0 18
0 27
0 46
0 55
0 51
0 58
0 23
0 26
0 47
0 50
0 16
0 17
0 30
0 38
0 35
0 43
0 56
0 57
1 69 32
1 70 39
1 71 24
1 72 48
0 33
1 73 25
0 40
0 41
1 74 49
1 75 34
1 76 42
1 4 31
2 69
END_STATE
END_LABELED_STATE
BEGIN_LABELED_STATE
21
BEGIN_STATE
0 14
0 19
0 54
0 59
0 15
0 22
0 18
0 27
0 46
0 55
0 51
0 58
0 23
0 26
0 50
0 16
0 17
0 30
0 38
0 35
0 43
0 56
0 57
0 31
1 69 32
1 70 47
1 71 24
1 72 48
0 33
1 73 25
0 40
0 41
1 74 49
1 75 34
1 76 42
1 4 39
2 70
2 69
END_STATE
END_LABELED_STATE
BEGIN_LABELED_STATE
20
BEGIN_STATE
0 14
0 19
0 54
0 59
0 15
0 22
0 18
0 27
0 46
0 55
0 51
0 58
0 23
0 26
0 50
0 16
0 17
0 30
0 35
0 43
0 56
0 57
0 31
0 39
1 69 32
1 70 47
1 71 24
1 72 48
0 33
1 73 25
0 40
0 41
1 74 49
1 75 34
1 76 42
1 4 38
2 70
2 69
END_STATE
END_LABELED_STATE
BEGIN_LABELED_STATE
19
BEGIN_STATE
0 14
0 19
0 54
0 59
0 15
0 22
0 18
0 27
0 55
0 51
0 58
0 23
0 26
0 50
0 16
0 17
0 30
0 38
0 35
0 43
0 56
0 57
0 31
0 39
1 69 32
1 70 47
1 71 24
1 72 48
0 33
1 73 25
0 40
0 41
1 74 49
1 75 34
1 76 42
1 4 46
2 70
2 69
END_STATE
END_LABELED_STATE
BEGIN_LABELED_STATE
18
BEGIN_STATE
0 14
0 19
0 59
0 15
0 22
0 18
0 27
0 46
0 55
0 51
0 58
0 23
0 26
0 50
0 16
0 17
0 30
0 38
0 35
0 43
0 56
0 57
0 31
0 39
1 69 32
1 70 47
1 71 24
1 72 48
0 33
1 73 25
0 40
0 41
1 74 49
1 75 34
1 76 42
1 4 54
2 70
2 69
END_STATE
END_LABELED_STATE
BEGIN_LABELED_STATE
17
BEGIN_STATE
0 14
0 19
0 54
0 59
0 15
0 22
0 18
0 27
0 46
0 51
0 58
0 23
0 26
0 50
0 16
0 17
0 30
0 38
0 35
0 43
0 56
0 57
0 31
0 39
1 69 32
1 70 47
1 71 24
1 72 48
0 33
1 73 25
0 40
0 41
1 74 49
1 75 34
1 76 42
1 4 55
2 70
2 69
END_STATE
END_LABELED_STATE
BEGIN_LABELED_STATE
16
BEGIN_STATE
0 14
0 19
0 54
0 59
0 15
0 22
0 18
0 27
0 46
0 55
0 51
0 58
0 23
0 26
0 50
0 16
0 17
0 30
0 38
0 35
0 43
0 57
0 31
0 39
1 69 32
1 70 47
1 71 24
1 72 48
0 33
1 73 25
0 40
0 41
1 74 49
1 75 34
1 76 42
1 4 56
2 70
2 69
END_STATE
END_LABELED_STATE
BEGIN_LABELED_STATE
15
BEGIN_STATE
0 14
0 19
0 54
0 59
0 15
0 22
0 18
0 27
0 46
0 55
0 51
0 58
0 23
0 26
0 50
0 16
0 17
0 30
0 38
0 35
0 43
0 56
0 57
0 31
0 39
1 69 32
1 70 47
1 71 24
1 72 40
0 33
1 73 25
0 41
1 74 49
1 75 34
1 76 42
1 4 48
2 72
2 70
2 69
END_STATE
END_LABELED_STATE
BEGIN_LABELED_STATE
14
BEGIN_STATE
0 14
0 19
0 54
0 59
0 15
0 22
0 18
0 27
0 46
0 55
0 51
0 58
0 23
0 26
0 16
0 17
0 30
0 38
0 35
0 43
0 56
0 57
0 31
0 39
0 48
1 69 32
1 70 47
1 71 24
1 72 40
0 33
1 73 25
0 41
1 74 50
1 75 34
1 76 42
1 4 49
2 74
2 72
2 70
2 69
END_STATE
END_LABELED_STATE
BEGIN_LABELED_STATE
13
BEGIN_STATE
0 14
0 19
0 54
0 59
0 15
0 22
0 18
0 27
0 46
0 55
0 51
0 58
0 23
0 26
0 16
0 17
0 30
0 38
0 35
0 43
0 56
0 31
0 39
0 48
0 49
1 69 32
1 70 47
1 71 24
1 72 40
0 33
1 73 25
0 41
1 74 50
1 75 34
1 76 42
1 4 57
2 74
2 72
2 70
2 69
END_STATE
END_LABELED_STATE
BEGIN_LABELED_STATE
12
BEGIN_STATE
0 14
0 19
0 54
0 59
0 15
0 22
0 18
0 27
0 46
0 55
0 51
0 23
0 26
0 16
0 17
0 30
0 38
0 35
0 43
0 56
0 57
0 31
0 39
0 48
0 49
1 69 32
1 70 47
1 71 24
1 72 40
0 33
1 73 25
0 41
1 74 50
1 75 34
1 76 42
1 4 58
2 74
2 72
2 70
2 69
END_STATE
END_LABELED_STATE
BEGIN_LABELED_STATE
11
BEGIN_STATE
0 14
0 19
0 54
0 15
0 22
0 18
0 27
0 46
0 55
0 51
0 58
0 23
0 26
0 16
0 17
0 30
0 38
0 35
0 43
0 56
0 57
0 31
0 39
0 48
0 49
1 69 32
1 70 47
1 71 24
1 72 40
0 33
1 73 25
0 41
1 74 50
1 75 34
1 76 42
1 4 59
2 74
2 72
2 70
2 69
END_STATE
END_LABELED_STATE
BEGIN_LABELED_STATE
10
BEGIN_STATE
0 14
0 19
0 54
0 59
0 15
0 22
0 18
0 27
0 46
0 55
0 58
0 23
0 26
0 16
0 17
0 30
0 38
0 35
0 43
0 56
0 57
0 31
0 39
0 48
0 49
1 69 32
1 70 47
1 71 24
1 72 40
0 33
1 73 25
0 41
1 74 50
1 75 34
1 76 42
1 4 51
2 74
2 72
2 70
2 69
END_STATE
END_LABELED_STATE
BEGIN_LABELED_STATE
9
BEGIN_STATE
0 14
0 19
0 54
0 59
0 15
0 22
0 18
0 27
0 46
0 55
0 51
0 58
0 23
0 26
0 16
0 17
0 30
0 38
0 35
0 56
0 57
0 31
0 39
0 48
0 49
1 69 32
1 70 47
1 71 24
1 72 40
0 33
1 73 25
0 41
1 74 50
1 75 34
1 76 42
1 4 43
2 74
2 72
2 70
2 69
END_STATE
END_LABELED_STATE
BEGIN_LABELED_STATE
8
BEGIN_STATE
0 14
0 19
0 54
0 59
0 15
0 22
0 18
0 27
0 46
0 55
0 51
0 58
0 23
0 26
0 16
0 17
0 30
0 38
0 35
0 43
0 56
0 57
0 31
0 39
0 48
0 49
1 69 32
1 70 47
1 71 24
1 72 40
0 33
1 73 25
1 74 50
1 75 34
1 76 41
1 4 42
2 76
2 74
2 72
2 70
2 69
END_STATE
END_LABELED_STATE
BEGIN_LABELED_STATE
7
BEGIN_STATE
0 14
0 19
0 54
0 59
0 15
0 22
0 18
0 27
0 46
0 55
0 51
0 58
0 23
0 16
0 17
0 30
0 38
0 35
0 43
0 56
0 57
0 31
0 39
0 42
0 48
0 49
1 69 32
1 70 47
1 71 24
1 72 40
0 33
1 73 25
1 74 50
1 75 26
1 76 41
1 4 34
2 76
2 75
2 74
2 72
2 70
2 69
END_STATE
END_LABELED_STATE
BEGIN_LABELED_STATE
6
BEGIN_STATE
0 14
0 19
0 54
0 59
0 15
0 22
0 18
0 27
0 46
0 55
0 51
0 58
0 23
0 16
0 17
0 30
0 38
0 43
0 56
0 57
0 31
0 39
0 34
0 42
0 48
0 49
1 69 32
1 70 47
1 71 24
1 72 40
0 33
1 73 25
1 74 50
1 75 26
1 76 41
1 4 35
2 76
2 75
2 74
2 72
2 70
2 69
END_STATE
END_LABELED_STATE
BEGIN_LABELED_STATE
5
BEGIN_STATE
0 14
0 19
0 54
0 59
0 15
0 22
0 18
0 46
0 55
0 51
0 58
0 23
0 16
0 17
0 30
0 38
0 35
0 43
0 56
0 57
0 31
0 39
0 34
0 42
0 48
0 49
1 69 32
1 70 47
1 71 24
1 72 40
0 33
1 73 25
1 74 50
1 75 26
1 76 41
1 4 27
2 76
2 75
2 74
2 72
2 70
2 69
END_STATE
END_LABELED_STATE
BEGIN_LABELED_STATE
4
BEGIN_STATE
0 14
0 54
0 59
0 15
0 22
0 18
0 27
0 46
0 55
0 51
0 58
0 23
0 16
0 17
0 30
0 38
0 35
0 43
0 56
0 57
0 31
0 39
0 34
0 42
0 48
0 49
1 69 32
1 70 47
1 71 24
1 72 40
0 33
1 73 25
1 74 50
1 75 26
1 76 41
1 4 19
2 76
2 75
2 74
2 72
2 70
2 69
END_STATE
END_LABELED_STATE
BEGIN_LABELED_STATE
3
BEGIN_STATE
0 14
0 19
0 54
0 59
0 15
0 22
0 27
0 46
0 55
0 51
0 58
0 23
0 16
0 17
0 30
0 38
0 35
0 43
0 56
0 57
0 31
0 39
0 34
0 42
0 48
0 49
1 69 32
1 70 47
1 71 24
1 72 40
0 33
1 73 25
1 74 50
1 75 26
1 76 41
1 4 18
2 76
2 75
2 74
2 72
2 70
2 69
END_STATE
END_LABELED_STATE
BEGIN_LABELED_STATE
2
BEGIN_STATE
0 14
0 19
0 54
0 59
0 15
0 22
0 18
0 27
0 46
0 55
0 51
0 58
0 23
0 16
0 30
0 38
0 35
0 43
0 56
0 57
0 31
0 39
0 34
0 42
0 48
0 49
1 69 32
1 70 47
1 71 24
1 72 40
0 33
1 73 25
1 74 50
1 75 26
1 76 41
1 4 17
2 76
2 75
2 74
2 72
2 70
2 69
END_STATE
END_LABELED_STATE
BEGIN_LABELED_STATE
1
BEGIN_STATE
0 14
0 19
0 54
0 59
0 15
0 22
0 18
0 27
0 46
0 55
0 51
0 58
0 23
0 16
0 17
0 30
0 38
0 35
0 43
0 56
0 57
0 31
0 39
0 34
0 42
0 48
0 49
1 69 32
1 70 47
1 71 24
1 72 40
1 73 33
1 74 50
1 75 26
1 76 41
1 4 25
2 76
2 75
2 74
2 73
2 72
2 70
2 69
END_STATE
END_LABELED_STATE
BEGIN_LABELED_STATE
0
BEGIN_STATE
0 14
0 19
0 54
0 59
0 15
0 22
0 18
0 27
0 46
0 55
0 51
0 58
0 16
0 17
0 30
0 38
0 35
0 43
0 56
0 57
0 25
0 31
0 39
0 34
0 42
0 48
0 49
1 69 32
1 70 47
1 71 23
1 72 40
1 73 33
1 74 50
1 75 26
1 76 41
1 4 24
2 76
2 75
2 74
2 73
2 72
2 71
2 70
2 69
END_STATE
END_LABELED_STATE
BEGIN_LABELED_STATE
5
BEGIN_STATE
0 14
0 19
0 54
0 15
0 18
0 27
0 58
0 26
0 17
0 30
0 35
0 56
0 57
0 31
0 42
0 49
1 69 41
1 70 48
1 71 26
1 72 34
0 32
0 33
1 73 42
1 74 41
1 75 51
1 76 47
1 4 56
2 76
2 75
2 74
2 73
2 71
2 70
2 69
END_STATE
END_LABELED_STATE
BEGIN_LABELED_STATE
4
BEGIN_STATE
0 14
0 19
0 54
0 15
0 18
0 27
0 58
0 26
0 17
0 30
0 35
0 56
0 31
0 42
0 49
1 69 41
1 70 48
1 71 26
1 72 34
0 32
0 33
1 73 42
1 74 41
1 75 51
1 76 47
1 4 57
2 76
2 75
2 74
2 73
2 71
2 70
2 69
END_STATE
END_LABELED_STATE
BEGIN_LABELED_STATE
3
BEGIN_STATE
0 14
0 19
0 54
0 15
0 18
0 27
0 58
0 26
0 17
0 30
0 35
0 56
0 57
0 31
0 42
1 69 41
1 70 48
1 71 26
1 72 34
0 32
0 33
1 73 42
1 74 41
1 75 51
1 76 47
1 4 49
2 76
2 75
2 74
2 73
2 71
2 70
2 69
END_STATE
END_LABELED_STATE
BEGIN_LABELED_STATE
2
BEGIN_STATE
0 14
0 19
0 54
0 15
0 18
0 27
0 58
0 26
0 17
0 30
0 35
0 56
0 57
0 31
0 42
0 49
1 69 33
1 70 48
1 71 26
1 72 34
0 32
1 73 42
1 74 41
1 75 51
1 76 47
1 4 41
2 76
2 75
2 74
2 73
2 71
2 70
2 69
END_STATE
END_LABELED_STATE
BEGIN_LABELED_STATE
1
BEGIN_STATE
0 14
0 19
0 54
0 15
0 18
0 27
0 58
0 26
0 17
0 30
0 35
0 56
0 57
0 31
0 49
1 69 33
1 70 48
1 71 26
1 72 34
0 32
1 73 42
0 41
1 74 41
1 75 51
1 76 47
1 4 42
2 76
2 75
2 74
2 73
2 71
2 70
2 69
END_STATE
END_LABELED_STATE
BEGIN_LABELED_STATE
0
BEGIN_STATE
0 14
0 19
0 54
0 15
0 18
0 27
0 58
0 17
0 30
0 35
0 56
0 57
0 31
0 42
0 49
1 69 33
1 70 48
1 71 26
1 72 26
0 32
1 73 42
0 41
1 74 41
1 75 51
1 76 47
1 4 34
2 76
2 75
2 74
2 73
2 72
2 71
2 70
2 69
END_STATE
END_LABELED_STATE
BEGIN_LABELED_STATE
0
BEGIN_STATE
0 14
0 54
0 22
0 18
0 27
0 55
0 51
0 58
0 23
0 50
0 16
0 17
0 35
0 43
0 57
0 24
0 25
0 31
0 34
0 48
0 49
1 69 42
1 70 26
1 71 40
1 72 54
0 33
1 73 22
0 40
0 41
1 74 34
1 75 50
1 76 55
1 4 58
2 76
2 75
2 74
2 73
2 72
2 71
2 70
2 69
END_STATE
END_LABELED_STATE
BEGIN_LABELED_STATE
11
BEGIN_STATE
0 14
0 18
0 27
0 26
0 47
0 16
0 38
0 35
0 56
0 57
0 24
0 25
0 31
0 39
0 49
1 69 24
1 70 39
1 71 39
1 72 24
0 32
0 33
1 73 51
0 40
1 74 47
1 75 39
1 76 58
1 4 55
2 76
2 74
2 73
2 72
2 70
END_STATE
END_LABELED_STATE
BEGIN_LABELED_STATE
10
BEGIN_STATE
0 14
0 18
0 27
0 55
0 26
0 16
0 38
0 35
0 56
0 57
0 24
0 25
0 31
0 39
0 49
1 69 24
1 70 39
1 71 39
1 72 24
0 32
0 33
1 73 51
0 40
1 74 47
1 75 39
1 76 58
1 4 47
2 76
2 74
2 73
2 72
2 70
END_STATE
END_LABELED_STATE
BEGIN_LABELED_STATE
9
BEGIN_STATE
0 14
0 18
0 27
0 55
0 26
0 47
0 16
0 38
0 35
0 56
0 57
0 24
0 25
0 31
0 49
1 69 24
1 70 39
1 71 39
1 72 24
0 32
0 33
1 73 51
0 40
1 74 47
1 75 39
1 76 58
1 4 39
2 76
2 74
2 73
2 72
2 70
END_STATE
END_LABELED_STATE
BEGIN_LABELED_STATE
8
BEGIN_STATE
0 14
0 18
0 27
0 55
0 26
0 47
0 16
0 35
0 56
0 57
0 24
0 25
0 31
0 39
0 49
1 69 24
1 70 39
1 71 39
1 72 24
0 32
0 33
1 73 51
0 40
1 74 47
1 75 39
1 76 58
1 4 38
2 76
2 74
2 73
2 72
2 70
END_STATE
END_LABELED_STATE
BEGIN_LABELED_STATE
7
BEGIN_STATE
0 14
0 18
0 27
0 55
0 26
0 47
0 16
0 38
0 35
0 56
0 57
0 24
0 25
0 31
0 39
0 49
1 69 24
1 70 39
1 71 40
1 72 24
0 32
0 33
1 73 51
1 74 47
1 75 39
1 76 58
1 4 39
2 76
2 74
2 73
2 72
2 71
2 70
END_STATE
END_LABELED_STATE
BEGIN_LABELED_STATE
6
BEGIN_STATE
0 14
0 18
0 27
0 55
0 26
0 47
0 16
0 38
0 35
0 56
0 57
0 24
0 25
0 39
0 49
1 69 24
1 70 39
1 71 40
1 72 24
0 32
0 33
1 73 51
1 74 47
1 75 39
1 76 58
1 4 31
2 76
2 74
2 73
2 72
2 71
2 70
END_STATE
END_LABELED_STATE
BEGIN_LABELED_STATE
5
BEGIN_STATE
0 14
0 18
0 27
0 55
0 26
0 16
0 38
0 35
0 56
0 57
0 24
0 25
0 31
0 39
0 49
1 69 24
1 70 39
1 71 40
1 72 24
0 32
0 33
1 73 51
1 74 47
1 75 47
1 76 58
1 4 39
2 76
2 75
2 74
2 73
2 72
2 71
2 70
END_STATE
END_LABELED_STATE
BEGIN_LABELED_STATE
4
BEGIN_STATE
0 14
0 18
0 27
0 55
0 26
0 16
0 38
0 35
0 56
0 57
0 24
0 25
0 39
0 49
1 69 24
1 70 39
1 71 40
1 72 24
0 32
0 33
1 73 51
1 74 47
1 75 47
1 76 58
1 4 31
2 76
2 75
2 74
2 73
2 72
2 71
2 70
END_STATE
END_LABELED_STATE
BEGIN_LABELED_STATE
3
BEGIN_STATE
0 14
0 18
0 27
0 55
0 26
0 16
0 38
0 35
0 56
0 57
0 24
0 25
0 31
0 39
0 49
1 69 24
1 70 39
1 71 40
1 72 24
0 33
1 73 51
1 74 47
1 75 47
1 76 58
1 4 32
2 76
2 75
2 74
2 73
2 72
2 71
2 70
END_STATE
END_LABELED_STATE
BEGIN_LABELED_STATE
2
BEGIN_STATE
0 14
0 18
0 27
0 55
0 26
0 16
0 38
0 35
0 56
0 57
0 25
0 31
0 39
0 49
1 69 24
1 70 39
1 71 40
1 72 24
0 32
0 33
1 73 51
1 74 47
1 75 47
1 76 58
1 4 24
2 76
2 75
2 74
2 73
2 72
2 71
2 70
END_STATE
END_LABELED_STATE
BEGIN_LABELED_STATE
1
BEGIN_STATE
0 14
0 18
0 27
0 55
0 26
0 38
0 35
0 56
0 57
0 24
0 25
0 31
0 39
0 49
1 69 24
1 70 39
1 71 40
1 72 24
0 32
0 33
1 73 51
1 74 47
1 75 47
1 76 58
1 4 16
2 76
2 75
2 74
2 73
2 72
2 71
2 70
END_STATE
END_LABELED_STATE
BEGIN_LABELED_STATE
0
BEGIN_STATE
0 14
0 18
0 27
0 55
0 26
0 16
0 38
0 35
0 56
0 57
0 24
0 25
0 31
0 39
0 49
1 69 32
1 70 39
1 71 40
1 72 24
0 33
1 73 51
1 74 47
1 75 47
1 76 58
1 4 24
2 76
2 75
2 74
2 73
2 72
2 71
2 70
2 69
END_STATE
END_LABELED_STATE
BEGIN_LABELED_STATE
0
BEGIN_STATE
0 15
0 22
0 18
0 51
0 23
0 47
0 50
0 17
0 30
0 35
0 43
0 24
0 25
0 31
0 34
0 42
1 69 33
1 70 43
1 71 57
1 72 46
1 73 32
1 74 34
1 75 43
1 76 59
1 4 24
2 76
2 75
2 74
2 73
2 72
2 71
2 70
2 69
END_STATE
END_LABELED_STATE
BEGIN_LABELED_STATE
9
BEGIN_STATE
0 19
0 54
0 15
0 27
0 46
0 16
0 30
0 38
0 35
0 43
0 24
0 25
0 31
0 39
0 42
0 48
0 49
1 69 24
1 70 43
1 71 58
1 72 41
0 32
0 33
1 73 33
0 40
0 41
1 74 25
1 75 19
1 76 57
1 4 26
2 76
2 75
2 71
2 70
2 69
END_STATE
END_LABELED_STATE
BEGIN_LABELED_STATE
8
BEGIN_STATE
0 19
0 54
0 15
0 27
0 46
0 26
0 16
0 30
0 38
0 35
0 43
0 24
0 31
0 39
0 42
0 48
0 49
1 69 24
1 70 43
1 71 58
1 72 41
0 32
0 33
1 73 33
0 40
0 41
1 74 25
1 75 19
1 76 57
1 4 25
2 76
2 75
2 71
2 70
2 69
END_STATE
END_LABELED_STATE
BEGIN_LABELED_STATE
7
BEGIN_STATE
0 19
0 54
0 15
0 27
0 46
0 26
0 16
0 30
0 38
0 35
0 43
0 25
0 31
0 39
0 42
0 48
0 49
1 69 24
1 70 43
1 71 58
1 72 41
0 32
0 33
1 73 33
0 40
0 41
1 74 25
1 75 19
1 76 57
1 4 24
2 76
2 75
2 71
2 70
2 69
END_STATE
END_LABELED_STATE
BEGIN_LABELED_STATE
6
BEGIN_STATE
0 19
0 54
0 15
0 27
0 46
0 16
0 30
0 38
0 35
0 43
0 24
0 25
0 31
0 39
0 42
0 48
0 49
1 69 24
1 70 43
1 71 58
1 72 41
0 32
0 33
1 73 33
0 40
0 41
1 74 26
1 75 19
1 76 57
1 4 25
2 76
2 75
2 74
2 71
2 70
2 69
END_STATE
END_LABELED_STATE
BEGIN_LABELED_STATE
5
BEGIN_STATE
0 19
0 54
0 15
0 27
0 46
0 16
0 30
0 38
0 35
0 43
0 24
0 25
0 31
0 39
0 42
0 48
0 49
1 69 24
1 70 43
1 71 58
1 72 41
0 32
0 33
1 73 41
0 40
1 74 26
1 75 19
1 76 57
1 4 33
2 76
2 75
2 74
2 73
2 71
2 70
2 69
END_STATE
END_LABELED_STATE
BEGIN_LABELED_STATE
4
BEGIN_STATE
0 19
0 54
0 15
0 27
0 46
0 16
0 30
0 38
0 35
0 43
0 24
0 25
0 31
0 39
0 42
0 48
0 49
1 69 24
1 70 43
1 71 58
1 72 41
0 33
1 73 41
0 40
1 74 26
1 75 19
1 76 57
1 4 32
2 76
2 75
2 74
2 73
2 71
2 70
2 69
END_STATE
END_LABELED_STATE
BEGIN_LABELED_STATE
3
BEGIN_STATE
0 19
0 54
0 15
0 27
0 46
0 16
0 30
0 38
0 35
0 43
0 24
0 25
0 31
0 39
0 42
0 48
0 49
1 69 24
1 70 43
1 71 58
1 72 41
0 32
0 33
1 73 41
1 74 26
1 75 19
1 76 57
1 4 40
2 76
2 75
2 74
2 73
2 71
2 70
2 69
END_STATE
END_LABELED_STATE
BEGIN_LABELED_STATE
2
BEGIN_STATE
0 19
0 54
0 15
0 27
0 46
0 16
0 30
0 38
0 35
0 43
0 24
0 25
0 31
0 39
0 42
0 49
1 69 24
1 70 43
1 71 58
1 72 41
0 32
0 33
1 73 41
0 40
1 74 26
1 75 19
1 76 57
1 4 48
2 76
2 75
2 74
2 73
2 71
2 70
2 69
END_STATE
END_LABELED_STATE
BEGIN_LABELED_STATE
1
BEGIN_STATE
0 19
0 54
0 15
0 27
0 46
0 16
0 30
0 38
0 35
0 43
0 24
0 25
0 31
0 39
0 42
0 48
1 69 24
1 70 43
1 71 58
1 72 41
0 32
0 33
1 73 41
0 40
1 74 26
1 75 19
1 76 57
1 4 49
2 76
2 75
2 74
2 73
2 71
2 70
2 69
END_STATE
END_LABELED_STATE
BEGIN_LABELED_STATE
0
BEGIN_STATE
0 19
0 54
0 15
0 27
0 46
0 16
0 30
0 38
0 35
0 43
0 24
0 25
0 31
0 39
0 42
0 48
0 49
1 69 24
1 70 43
1 71 58
1 72 33
0 32
1 73 41
0 40
1 74 26
1 75 19
1 76 57
1 4 41
2 76
2 75
2 74
2 73
2 72
2 71
2 70
2 69
END_STATE
END_LABELED_STATE
BEGIN_LABELED_STATE
9
BEGIN_STATE
0 14
0 19
0 54
0 59
0 18
0 27
0 46
0 55
0 26
0 47
0 50
0 17
0 35
0 43
0 56
0 24
0 25
0 31
0 39
0 34
0 49
1 69 39
1 70 19
1 71 57
1 72 48
0 32
0 33
1 73 58
0 40
0 41
1 74 39
1 75 34
1 76 25
1 4 31
2 74
2 73
2 72
2 71
2 70
END_STATE
END_LABELED_STATE
BEGIN_LABELED_STATE
8
BEGIN_STATE
0 14
0 19
0 54
0 59
0 18
0 27
0 46
0 55
0 26
0 50
0 17
0 35
0 43
0 56
0 24
0 25
0 31
0 39
0 34
0 49
1 69 47
1 70 19
1 71 57
1 72 48
0 32
0 33
1 73 58
0 40
0 41
1 74 39
1 75 34
1 76 25
1 4 39
2 74
2 73
2 72
2 71
2 70
2 69
END_STATE
END_LABELED_STATE
BEGIN_LABELED_STATE
7
BEGIN_STATE
0 14
0 19
0 54
0 59
0 18
0 27
0 46
0 55
0 26
0 50
0 17
0 35
0 43
0 56
0 24
0 25
0 39
0 34
0 49
1 69 47
1 70 19
1 71 57
1 72 48
0 32
0 33
1 73 58
0 40
0 41
1 74 39
1 75 34
1 76 25
1 4 31
2 74
2 73
2 72
2 71
2 70
2 69
END_STATE
END_LABELED_STATE
BEGIN_LABELED_STATE
6
BEGIN_STATE
0 14
0 19
0 54
0 59
0 18
0 27
0 46
0 55
0 26
0 50
0 17
0 35
0 43
0 56
0 24
0 25
0 31
0 39
0 34
0 49
1 69 47
1 70 19
1 71 57
1 72 48
0 33
1 73 58
0 40
0 41
1 74 39
1 75 34
1 76 25
1 4 32
2 74
2 73
2 72
2 71
2 70
2 69
END_STATE
END_LABELED_STATE
BEGIN_LABELED_STATE
5
BEGIN_STATE
0 14
0 19
0 54
0 59
0 18
0 27
0 46
0 55
0 26
0 50
0 17
0 35
0 43
0 56
0 25
0 31
0 39
0 34
0 49
1 69 47
1 70 19
1 71 57
1 72 48
0 32
0 33
1 73 58
0 40
0 41
1 74 39
1 75 34
1 76 25
1 4 24
2 74
2 73
2 72
2 71
2 70
2 69
END_STATE
END_LABELED_STATE
BEGIN_LABELED_STATE
4
BEGIN_STATE
0 14
0 19
0 54
0 59
0 18
0 27
0 46
0 55
0 50
0 17
0 35
0 43
0 56
0 24
0 25
0 31
0 39
0 34
0 49
1 69 47
1 70 19
1 71 57
1 72 48
0 32
0 33
1 73 58
0 40
0 41
1 74 39
1 75 34
1 76 26
1 4 25
2 76
2 74
2 73
2 72
2 71
2 70
2 69
END_STATE
END_LABELED_STATE
BEGIN_LABELED_STATE
3
BEGIN_STATE
0 14
0 19
0 54
0 59
0 18
0 27
0 46
0 55
0 50
0 17
0 35
0 43
0 56
0 24
0 25
0 31
0 39
0 34
0 49
1 69 47
1 70 19
1 71 57
1 72 48
0 32
1 73 58
0 40
0 41
1 74 39
1 75 34
1 76 26
1 4 33
2 76
2 74
2 73
2 72
2 71
2 70
2 69
END_STATE
END_LABELED_STATE
BEGIN_LABELED_STATE
2
BEGIN_STATE
0 14
0 19
0 54
0 59
0 18
0 27
0 46
0 55
0 50
0 17
0 35
0 43
0 56
0 24
0 25
0 31
0 39
0 49
1 69 47
1 70 19
1 71 57
1 72 48
0 32
0 33
1 73 58
0 40
0 41
1 74 39
1 75 34
1 76 26
1 4 34
2 76
2 74
2 73
2 72
2 71
2 70
2 69
END_STATE
END_LABELED_STATE
BEGIN_LABELED_STATE
1
BEGIN_STATE
0 14
0 19
0 54
0 59
0 18
0 27
0 46
0 55
0 50
0 17
0 43
0 56
0 24
0 25
0 31
0 39
0 34
0 49
1 69 47
1 70 19
1 71 57
1 72 48
0 32
0 33
1 73 58
0 40
0 41
1 74 39
1 75 34
1 76 26
1 4 35
2 76
2 74
2 73
2 72
2 71
2 70
2 69
END_STATE
END_LABELED_STATE
BEGIN_LABELED_STATE
0
BEGIN_STATE
0 14
0 19
0 54
0 59
0 18
0 27
0 46
0 55
0 50
0 17
0 35
0 43
0 56
0 24
0 25
0 31
0 39
0 34
0 49
1 69 47
1 70 19
1 71 57
1 72 48
0 32
1 73 58
0 40
0 41
1 74 39
1 75 33
1 76 26
1 4 34
2 76
2 75
2 74
2 73
2 72
2 71
2 70
2 69
END_STATE
END_LABELED_STATE
BEGIN_LABELED_STATE
3
BEGIN_STATE
0 14
0 19
0 54
0 59
0 22
0 27
0 51
0 23
0 26
0 50
0 16
0 30
0 38
0 35
0 43
0 56
0 25
0 31
0 39
0 34
0 48
1 69 48
1 70 38
1 71 43
1 72 27
0 33
1 73 46
0 40
0 41
1 74 31
1 75 51
1 76 46
1 4 46
2 76
2 75
2 73
2 72
2 71
2 70
2 69
END_STATE
END_LABELED_STATE
BEGIN_LABELED_STATE
2
BEGIN_STATE
0 14
0 19
0 54
0 59
0 22
0 27
0 46
0 51
0 23
0 26
0 50
0 16
0 30
0 35
0 43
0 56
0 25
0 31
0 39
0 34
0 48
1 69 48
1 70 38
1 71 43
1 72 27
0 33
1 73 46
0 40
0 41
1 74 31
1 75 51
1 76 46
1 4 38
2 76
2 75
2 73
2 72
2 71
2 70
2 69
END_STATE
END_LABELED_STATE
BEGIN_LABELED_STATE
1
BEGIN_STATE
0 14
0 19
0 54
0 59
0 22
0 27
0 46
0 51
0 23
0 26
0 50
0 16
0 30
0 38
0 35
0 43
0 56
0 25
0 31
0 34
0 48
1 69 48
1 70 38
1 71 43
1 72 27
0 33
1 73 46
0 40
0 41
1 74 31
1 75 51
1 76 46
1 4 39
2 76
2 75
2 73
2 72
2 71
2 70
2 69
END_STATE
END_LABELED_STATE
BEGIN_LABELED_STATE
0
BEGIN_STATE
0 14
0 19
0 54
0 59
0 22
0 27
0 46
0 51
0 26
0 50
0 16
0 30
0 38
0 35
0 43
0 56
0 25
0 31
0 39
0 34
0 48
1 69 48
1 70 38
1 71 43
1 72 27
0 33
1 73 46
0 40
0 41
1 74 23
1 75 51
1 76 46
1 4 31
2 76
2 75
2 74
2 73
2 72
2 71
2 70
2 69
END_STATE
END_LABELED_STATE
BEGIN_LABELED_STATE
4
BEGIN_STATE
0 14
0 22
0 27
0 46
0 55
0 23
0 26
0 50
0 17
0 43
0 56
0 24
0 31
0 39
0 34
0 42
0 48
0 49
1 69 56
1 70 40
1 71 58
1 72 22
0 32
1 73 35
0 40
1 74 35
1 75 39
1 76 18
1 4 54
2 76
2 75
2 74
2 73
2 72
2 71
2 69
END_STATE
END_LABELED_STATE
BEGIN_LABELED_STATE
3
BEGIN_STATE
0 14
0 54
0 22
0 27
0 46
0 23
0 26
0 50
0 17
0 43
0 56
0 24
0 31
0 39
0 34
0 42
0 48
0 49
1 69 56
1 70 40
1 71 58
1 72 22
0 32
1 73 35
0 40
1 74 35
1 75 39
1 76 18
1 4 55
2 76
2 75
2 74
2 73
2 72
2 71
2 69
END_STATE
END_LABELED_STATE
BEGIN_LABELED_STATE
2
BEGIN_STATE
0 14
0 54
0 22
0 27
0 46
0 55
0 23
0 26
0 50
0 17
0 43
0 24
0 31
0 39
0 34
0 42
0 48
0 49
1 69 56
1 70 40
1 71 58
1 72 22
0 32
1 73 35
0 40
1 74 35
1 75 39
1 76 18
1 4 56
2 76
2 75
2 74
2 73
2 72
2 71
2 69
END_STATE
END_LABELED_STATE
BEGIN_LABELED_STATE
1
BEGIN_STATE
0 14
0 54
0 22
0 27
0 46
0 55
0 23
0 26
0 50
0 17
0 43
0 56
0 24
0 31
0 39
0 34
0 42
0 49
1 69 56
1 70 40
1 71 58
1 72 22
0 32
1 73 35
0 40
1 74 35
1 75 39
1 76 18
1 4 48
2 76
2 75
2 74
2 73
2 72
2 71
2 69
END_STATE
END_LABELED_STATE
BEGIN_LABELED_STATE
0
BEGIN_STATE
0 14
0 54
0 22
0 27
0 46
0 55
0 23
0 26
0 50
0 17
0 43
0 56
0 24
0 31
0 39
0 34
0 42
0 48
0 49
1 69 56
1 70 32
1 71 58
1 72 22
1 73 35
0 40
1 74 35
1 75 39
1 76 18
1 4 40
2 76
2 75
2 74
2 73
2 72
2 71
2 70
2 69
END_STATE
END_LABELED_STATE
BEGIN_LABELED_STATE
15
BEGIN_STATE
0 54
0 59
0 15
0 22
0 27
0 55
0 58
0 26
0 16
0 30
0 38
0 35
0 43
0 56
0 57
0 24
0 25
0 31
0 39
0 34
1 69 51
1 70 38
1 71 25
1 72 24
0 32
1 73 33
1 74 39
1 75 31
1 76 49
1 4 17
2 76
2 75
2 74
2 70
2 69
END_STATE
END_LABELED_STATE
BEGIN_LABELED_STATE
14
BEGIN_STATE
0 54
0 59
0 15
0 22
0 27
0 55
0 58
0 26
0 17
0 30
0 38
0 35
0 43
0 56
0 57
0 24
0 25
0 31
0 39
0 34
1 69 51
1 70 38
1 71 25
1 72 24
0 32
1 73 33
1 74 39
1 75 31
1 76 49
1 4 16
2 76
2 75
2 74
2 70
2 69
END_STATE
END_LABELED_STATE
BEGIN_LABELED_STATE
13
BEGIN_STATE
0 54
0 59
0 15
0 22
0 27
0 55
0 58
0 26
0 16
0 17
0 30
0 38
0 35
0 43
0 56
0 57
0 25
0 31
0 39
0 34
1 69 51
1 70 38
1 71 25
1 72 24
0 32
1 73 33
1 74 39
1 75 31
1 76 49
1 4 24
2 76
2 75
2 74
2 70
2 69
END_STATE
END_LABELED_STATE
BEGIN_LABELED_STATE
12
BEGIN_STATE
0 54
0 59
0 15
0 22
0 27
0 55
0 58
0 26
0 16
0 17
0 30
0 38
0 35
0 43
0 56
0 57
0 24
0 25
0 31
0 39
0 34
1 69 51
1 70 38
1 71 25
1 72 24
1 73 33
1 74 39
1 75 31
1 76 49
1 4 32
2 76
2 75
2 74
2 70
2 69
END_STATE
END_LABELED_STATE
BEGIN_LABELED_STATE
11
BEGIN_STATE
0 54
0 59
0 15
0 22
0 27
0 55
0 58
0 26
0 16
0 17
0 30
0 38
0 35
0 43
0 56
0 57
0 24
0 25
0 31
0 39
1 69 51
1 70 38
1 71 25
1 72 24
0 32
1 73 34
1 74 39
1 75 31
1 76 49
1 4 33
2 76
2 75
2 74
2 70
2 69
END_STATE
END_LABELED_STATE
BEGIN_LABELED_STATE
10
BEGIN_STATE
0 54
0 59
0 15
0 22
0 27
0 55
0 58
0 26
0 16
0 17
0 30
0 38
0 35
0 43
0 56
0 57
0 24
0 31
0 39
1 69 51
1 70 38
1 71 25
1 72 24
0 32
0 33
1 73 34
1 74 39
1 75 31
1 76 49
1 4 25
2 76
2 75
2 74
2 70
2 69
END_STATE
END_LABELED_STATE
BEGIN_LABELED_STATE
9
BEGIN_STATE
0 54
0 59
0 15
0 22
0 27
0 55
0 58
0 16
0 17
0 30
0 38
0 35
0 43
0 56
0 57
0 24
0 25
0 31
0 39
1 69 51
1 70 38
1 71 25
1 72 24
0 32
0 33
1 73 34
1 74 39
1 75 31
1 76 49
1 4 26
2 76
2 75
2 74
2 70
2 69
END_STATE
END_LABELED_STATE
BEGIN_LABELED_STATE
8
BEGIN_STATE
0 54
0 59
0 15
0 22
0 55
0 58
0 26
0 16
0 17
0 30
0 38
0 35
0 43
0 56
0 57
0 24
0 25
0 31
0 39
1 69 51
1 70 38
1 71 25
1 72 24
0 32
0 33
1 73 34
1 74 39
1 75 31
1 76 49
1 4 27
2 76
2 75
2 74
2 70
2 69
END_STATE
END_LABELED_STATE
BEGIN_LABELED_STATE
7
BEGIN_STATE
0 54
0 59
0 15
0 22
0 27
0 55
0 58
0 26
0 16
0 17
0 30
0 38
0 43
0 56
0 57
0 24
0 25
0 31
0 39
1 69 51
1 70 38
1 71 25
1 72 24
0 32
0 33
1 73 34
1 74 39
1 75 31
1 76 49
1 4 35
2 76
2 75
2 74
2 70
2 69
END_STATE
END_LABELED_STATE
BEGIN_LABELED_STATE
6
BEGIN_STATE
0 54
0 59
0 15
0 22
0 27
0 55
0 58
0 26
0 16
0 17
0 30
0 38
0 35
0 43
0 56
0 57
0 24
0 25
0 31
0 39
1 69 51
1 70 38
1 71 25
1 72 24
0 32
1 73 33
1 74 39
1 75 31
1 76 49
1 4 34
2 76
2 75
2 74
2 73
2 70
2 69
END_STATE
END_LABELED_STATE
BEGIN_LABELED_STATE
5
BEGIN_STATE
0 54
0 59
0 15
0 22
0 27
0 55
0 58
0 16
0 17
0 30
0 38
0 35
0 43
0 56
0 57
0 24
0 25
0 31
0 39
0 34
1 69 51
1 70 38
1 71 25
1 72 24
0 32
1 73 33
1 74 39
1 75 31
1 76 49
1 4 26
2 76
2 75
2 74
2 73
2 70
2 69
END_STATE
END_LABELED_STATE
BEGIN_LABELED_STATE
4
BEGIN_STATE
0 54
0 59
0 15
0 22
0 27
0 55
0 58
0 26
0 16
0 17
0 30
0 38
0 35
0 43
0 56
0 57
0 24
0 31
0 39
0 34
1 69 51
1 70 38
1 71 25
1 72 24
0 32
1 73 33
1 74 39
1 75 31
1 76 49
1 4 25
2 76
2 75
2 74
2 73
2 70
2 69
END_STATE
END_LABELED_STATE
BEGIN_LABELED_STATE
3
BEGIN_STATE
0 54
0 59
0 15
0 22
0 27
0 55
0 58
0 26
0 16
0 30
0 38
0 35
0 43
0 56
0 57
0 24
0 25
0 31
0 39
0 34
1 69 51
1 70 38
1 71 25
1 72 24
0 32
1 73 33
1 74 39
1 75 31
1 76 49
1 4 17
2 76
2 75
2 74
2 73
2 70
2 69
END_STATE
END_LABELED_STATE
BEGIN_LABELED_STATE
2
BEGIN_STATE
0 54
0 59
0 15
0 22
0 27
0 55
0 58
0 26
0 17
0 30
0 38
0 35
0 43
0 56
0 57
0 24
0 25
0 31
0 39
0 34
1 69 51
1 70 38
1 71 25
1 72 24
0 32
1 73 33
1 74 39
1 75 31
1 76 49
1 4 16
2 76
2 75
2 74
2 73
2 70
2 69
END_STATE
END_LABELED_STATE
BEGIN_LABELED_STATE
1
BEGIN_STATE
0 54
0 59
0 15
0 22
0 27
0 55
0 58
0 26
0 16
0 17
0 30
0 38
0 35
0 43
0 56
0 57
0 24
0 25
0 31
0 39
0 34
1 69 51
1 70 38
1 71 25
1 72 32
1 73 33
1 74 39
1 75 31
1 76 49
1 4 24
2 76
2 75
2 74
2 73
2 72
2 70
2 69
END_STATE
END_LABELED_STATE
BEGIN_LABELED_STATE
0
BEGIN_STATE
0 54
0 59
0 15
0 22
0 27
0 55
0 58
0 16
0 17
0 30
0 38
0 35
0 43
0 56
0 57
0 24
0 25
0 31
0 39
0 34
1 69 51
1 70 38
1 71 26
1 72 32
1 73 33
1 74 39
1 75 31
1 76 49
1 4 25
2 76
2 75
2 74
2 73
2 72
2 71
2 70
2 69
END_STATE
END_LABELED_STATE
BEGIN_LABELED_STATE
10
BEGIN_STATE
0 51
0 26
0 47
0 17
0 30
0 38
0 31
0 39
0 34
0 48
0 49
1 69 31
1 70 50
1 71 40
1 72 18
0 32
1 73 18
0 40
0 41
1 74 22
1 75 39
1 76 40
1 4 33
2 74
2 73
2 72
2 70
END_STATE
END_LABELED_STATE
BEGIN_LABELED_STATE
9
BEGIN_STATE
0 51
0 26
0 47
0 17
0 30
0 38
0 31
0 39
0 34
0 48
0 49
1 69 31
1 70 50
1 71 40
1 72 18
0 33
1 73 18
0 40
0 41
1 74 22
1 75 39
1 76 40
1 4 32
2 74
2 73
2 72
2 70
END_STATE
END_LABELED_STATE
BEGIN_LABELED_STATE
8
BEGIN_STATE
0 51
0 26
0 47
0 17
0 30
0 38
0 39
0 34
0 48
0 49
1 69 31
1 70 50
1 71 40
1 72 18
0 32
0 33
1 73 18
0 40
0 41
1 74 22
1 75 39
1 76 40
1 4 31
2 74
2 73
2 72
2 70
END_STATE
END_LABELED_STATE
BEGIN_LABELED_STATE
7
BEGIN_STATE
0 51
0 26
0 47
0 17
0 38
0 31
0 39
0 34
0 48
0 49
1 69 31
1 70 50
1 71 40
1 72 18
0 32
0 33
1 73 18
0 40
0 41
1 74 22
1 75 39
1 76 40
1 4 30
2 74
2 73
2 72
2 70
END_STATE
END_LABELED_STATE
BEGIN_LABELED_STATE
6
BEGIN_STATE
0 51
0 26
0 47
0 17
0 30
0 38
0 31
0 39
0 34
0 48
0 49
1 69 32
1 70 50
1 71 40
1 72 18
0 33
1 73 18
0 40
0 41
1 74 22
1 75 39
1 76 40
1 4 31
2 74
2 73
2 72
2 70
2 69
END_STATE
END_LABELED_STATE
BEGIN_LABELED_STATE
5
BEGIN_STATE
0 51
0 26
0 47
0 17
0 30
0 38
0 31
0 39
0 34
0 48
0 49
1 69 33
1 70 50
1 71 40
1 72 18
1 73 18
0 40
0 41
1 74 22
1 75 39
1 76 40
1 4 32
2 74
2 73
2 72
2 70
2 69
END_STATE
END_LABELED_STATE
BEGIN_LABELED_STATE
4
BEGIN_STATE
0 51
0 26
0 47
0 17
0 30
0 38
0 39
0 34
0 48
0 49
1 69 33
1 70 50
1 71 40
1 72 18
0 32
1 73 18
0 40
0 41
1 74 22
1 75 39
1 76 40
1 4 31
2 74
2 73
2 72
2 70
2 69
END_STATE
END_LABELED_STATE
BEGIN_LABELED_STATE
3
BEGIN_STATE
0 51
0 26
0 17
0 30
0 38
0 31
0 39
0 34
0 48
0 49
1 69 33
1 70 50
1 71 40
1 72 18
0 32
1 73 18
0 40
0 41
1 74 22
1 75 47
1 76 40
1 4 39
2 75
2 74
2 73
2 72
2 70
2 69
END_STATE
END_LABELED_STATE
BEGIN_LABELED_STATE
2
BEGIN_STATE
0 51
0 26
0 17
0 30
0 38
0 31
0 39
0 34
0 48
0 49
1 69 33
1 70 50
1 71 41
1 72 18
0 32
1 73 18
0 40
1 74 22
1 75 47
1 76 40
1 4 40
2 75
2 74
2 73
2 72
2 71
2 70
2 69
END_STATE
END_LABELED_STATE
BEGIN_LABELED_STATE
1
BEGIN_STATE
0 51
0 26
0 17
0 30
0 38
0 31
0 39
0 34
0 49
1 69 33
1 70 50
1 71 41
1 72 18
0 32
1 73 18
0 40
1 74 22
1 75 47
1 76 40
1 4 48
2 75
2 74
2 73
2 72
2 71
2 70
2 69
END_STATE
END_LABELED_STATE
BEGIN_LABELED_STATE
0
BEGIN_STATE
0 51
0 26
0 17
0 30
0 38
0 31
0 39
0 34
0 48
0 49
1 69 33
1 70 50
1 71 41
1 72 18
1 73 18
0 40
1 74 22
1 75 47
1 76 32
1 4 40
2 76
2 75
2 74
2 73
2 72
2 71
2 70
2 69
END_STATE
END_LABELED_STATE
END_STATE_LIST
