BEGIN_TYPES
0 -1 object
1 0 thing
2 0 location
3 0 direction
4 1 player
5 1 stone
END_TYPES
BEGIN_OBJECTS
0 3 dir-down
1 3 dir-left
2 3 dir-right
3 3 dir-up
4 4 player-01
5 2 pos-01-01
6 2 pos-01-02
7 2 pos-01-03
8 2 pos-01-04
9 2 pos-01-05
10 2 pos-01-06
11 2 pos-01-07
12 2 pos-01-08
13 2 pos-01-09
14 2 pos-01-10
15 2 pos-01-11
16 2 pos-01-12
17 2 pos-01-13
18 2 pos-01-14
19 2 pos-02-01
20 2 pos-02-02
21 2 pos-02-03
22 2 pos-02-04
23 2 pos-02-05
24 2 pos-02-06
25 2 pos-02-07
26 2 pos-02-08
27 2 pos-02-09
28 2 pos-02-10
29 2 pos-02-11
30 2 pos-02-12
31 2 pos-02-13
32 2 pos-02-14
33 2 pos-03-01
34 2 pos-03-02
35 2 pos-03-03
36 2 pos-03-04
37 2 pos-03-05
38 2 pos-03-06
39 2 pos-03-07
40 2 pos-03-08
41 2 pos-03-09
42 2 pos-03-10
43 2 pos-03-11
44 2 pos-03-12
45 2 pos-03-13
46 2 pos-03-14
47 2 pos-04-01
48 2 pos-04-02
49 2 pos-04-03
50 2 pos-04-04
51 2 pos-04-05
52 2 pos-04-06
53 2 pos-04-07
54 2 pos-04-08
55 2 pos-04-09
56 2 pos-04-10
57 2 pos-04-11
58 2 pos-04-12
59 2 pos-04-13
60 2 pos-04-14
61 2 pos-05-01
62 2 pos-05-02
63 2 pos-05-03
64 2 pos-05-04
65 2 pos-05-05
66 2 pos-05-06
67 2 pos-05-07
68 2 pos-05-08
69 2 pos-05-09
70 2 pos-05-10
71 2 pos-05-11
72 2 pos-05-12
73 2 pos-05-13
74 2 pos-05-14
75 2 pos-06-01
76 2 pos-06-02
77 2 pos-06-03
78 2 pos-06-04
79 2 pos-06-05
80 2 pos-06-06
81 2 pos-06-07
82 2 pos-06-08
83 2 pos-06-09
84 2 pos-06-10
85 2 pos-06-11
86 2 pos-06-12
87 2 pos-06-13
88 2 pos-06-14
89 2 pos-07-01
90 2 pos-07-02
91 2 pos-07-03
92 2 pos-07-04
93 2 pos-07-05
94 2 pos-07-06
95 2 pos-07-07
96 2 pos-07-08
97 2 pos-07-09
98 2 pos-07-10
99 2 pos-07-11
100 2 pos-07-12
101 2 pos-07-13
102 2 pos-07-14
103 2 pos-08-01
104 2 pos-08-02
105 2 pos-08-03
106 2 pos-08-04
107 2 pos-08-05
108 2 pos-08-06
109 2 pos-08-07
110 2 pos-08-08
111 2 pos-08-09
112 2 pos-08-10
113 2 pos-08-11
114 2 pos-08-12
115 2 pos-08-13
116 2 pos-08-14
117 2 pos-09-01
118 2 pos-09-02
119 2 pos-09-03
120 2 pos-09-04
121 2 pos-09-05
122 2 pos-09-06
123 2 pos-09-07
124 2 pos-09-08
125 2 pos-09-09
126 2 pos-09-10
127 2 pos-09-11
128 2 pos-09-12
129 2 pos-09-13
130 2 pos-09-14
131 5 stone-01
132 5 stone-02
133 5 stone-03
END_OBJECTS
BEGIN_PREDICATES
0 2 clear
1 1 2 at
2 5 at-goal
3 2 is-goal
4 2 is-nongoal
5 2 2 3 move-dir
END_PREDICATES
BEGIN_GOAL
2 131
2 132
2 133
END_GOAL
BEGIN_ACTIONS
END_ACTIONS
BEGIN_STATIC_FACTS
5 116 115 3
5 64 78 2
4 98
4 95
0 15
5 108 109 0
4 9
4 5
5 69 68 3
4 96
4 62
4 55
5 23 37 2
5 26 27 0
4 52
4 19
4 108
5 65 66 0
5 81 67 1
5 24 23 3
4 97
5 93 107 2
5 90 104 2
4 50
5 73 72 3
5 82 81 3
5 72 73 0
5 119 118 3
4 72
4 102
5 72 86 2
4 61
4 70
5 50 36 1
4 37
4 7
5 98 97 3
5 5 6 0
5 128 129 0
5 42 41 3
3 57
5 84 98 2
4 113
4 112
5 17 31 2
5 128 114 1
5 68 69 0
4 94
5 56 42 1
5 68 67 3
4 33
4 11
5 70 84 2
5 130 116 1
0 103
4 74
4 73
4 46
5 17 16 3
5 107 108 0
0 116
5 67 53 1
0 16
4 68
4 36
5 86 85 3
0 90
4 25
4 84
5 93 92 3
4 63
5 109 110 0
5 80 81 0
5 87 73 1
5 71 85 2
5 58 59 0
5 114 128 2
4 6
5 70 69 3
4 48
5 109 108 3
4 66
0 128
5 37 36 3
5 37 23 1
0 31
5 59 73 2
5 111 97 1
4 89
4 59
4 18
5 103 117 2
4 86
4 111
5 66 67 0
5 104 118 2
5 32 31 3
4 105
5 64 50 1
5 18 17 3
5 66 52 1
4 43
4 118
5 72 71 3
0 119
4 28
0 117
5 129 115 1
5 64 63 3
4 100
4 38
5 57 56 3
4 81
5 36 50 2
5 30 31 0
5 31 30 3
5 27 41 2
5 108 107 3
5 34 33 3
4 22
5 90 89 3
4 58
4 13
0 20
5 111 110 3
5 19 20 0
5 70 71 0
4 71
5 66 65 3
0 17
4 76
5 129 130 0
4 106
5 20 34 2
0 130
0 114
5 33 34 0
5 54 53 3
4 127
0 34
5 52 66 2
5 85 86 0
5 56 57 0
4 82
4 30
5 71 72 0
5 117 118 0
4 109
4 88
4 129
4 110
4 41
4 93
0 115
5 16 17 0
0 32
5 92 78 1
5 115 114 3
5 70 56 1
4 44
5 32 18 1
4 91
4 87
4 49
5 33 19 1
3 85
5 58 72 2
5 89 103 2
5 15 16 0
5 41 27 1
4 79
4 15
5 53 54 0
4 122
5 98 84 1
4 126
5 68 54 1
0 104
5 78 92 2
5 84 85 0
4 101
5 71 57 1
5 73 59 1
5 89 90 0
5 69 70 0
5 66 80 2
5 68 82 2
5 53 52 3
4 10
5 53 67 2
5 103 89 1
5 85 71 1
4 121
5 52 53 0
4 60
5 41 42 0
5 56 70 2
4 39
5 117 103 1
0 5
5 107 93 1
5 115 116 0
5 85 84 3
4 65
5 87 86 3
4 67
5 110 109 3
5 71 70 3
0 19
4 120
4 35
4 92
5 30 16 1
4 124
5 58 57 3
4 80
5 50 64 2
4 103
5 25 24 3
5 110 111 0
5 130 129 3
4 29
5 92 93 0
4 116
5 6 7 0
5 57 58 0
5 16 15 3
4 16
5 63 62 3
4 90
0 7
5 104 90 1
5 64 65 0
5 127 128 0
5 18 32 2
5 86 87 0
5 114 115 0
5 67 68 0
4 128
5 27 26 3
0 33
5 118 117 3
4 31
5 25 26 0
5 118 104 1
5 7 6 3
4 123
5 97 98 0
5 73 87 2
5 17 18 0
5 104 103 3
0 6
4 119
4 117
5 19 33 2
5 57 71 2
5 20 19 3
5 16 30 2
4 56
4 125
5 67 66 3
4 26
5 6 5 3
5 67 81 2
5 115 129 2
5 5 19 2
5 128 127 3
4 78
4 51
0 89
5 62 63 0
4 45
0 18
4 77
4 99
4 20
4 17
4 40
5 34 20 1
4 42
4 14
5 20 6 1
4 130
5 26 25 3
5 97 111 2
0 118
5 129 128 3
4 114
5 65 64 3
4 83
4 34
5 78 64 1
5 36 37 0
5 42 56 2
5 81 80 3
5 81 82 0
5 118 119 0
4 12
4 115
4 32
4 54
5 19 5 1
5 63 64 0
5 103 104 0
4 69
4 107
4 53
3 64
4 47
5 82 68 1
5 23 24 0
4 21
0 127
5 84 70 1
4 8
4 104
5 24 25 0
0 30
4 75
5 54 68 2
0 129
4 23
5 86 72 1
5 80 66 1
4 24
5 59 58 3
4 27
5 31 17 1
5 72 58 1
5 6 20 2
5 31 32 0
5 116 130 2
END_STATIC_FACTS
BEGIN_STATE_LIST
BEGIN_LABELED_STATE
69
BEGIN_STATE
0 97
0 111
0 110
0 109
0 108
0 107
0 93
0 41
0 27
0 26
0 25
0 24
0 23
0 37
0 98
0 92
0 42
0 36
0 78
0 50
0 53
0 81
0 73
0 72
0 65
0 52
0 54
0 80
0 82
0 59
0 87
0 69
0 67
0 71
0 57
0 85
0 58
0 86
0 66
0 68
0 64
0 70
1 131 63
1 132 56
1 133 84
1 4 62
END_STATE
END_LABELED_STATE
BEGIN_LABELED_STATE
68
BEGIN_STATE
0 97
0 111
0 110
0 109
0 108
0 107
0 93
0 41
0 27
0 26
0 25
0 24
0 23
0 37
0 62
0 98
0 92
0 42
0 36
0 78
0 50
0 53
0 81
0 73
0 72
0 65
0 52
0 54
0 80
0 82
0 59
0 87
0 69
0 67
0 71
0 57
0 85
0 58
0 86
0 66
0 68
0 70
1 131 64
1 132 56
1 133 84
1 4 63
2 131
END_STATE
END_LABELED_STATE
BEGIN_LABELED_STATE
67
BEGIN_STATE
0 97
0 111
0 110
0 109
0 108
0 107
0 93
0 41
0 27
0 26
0 25
0 24
0 23
0 37
0 62
0 98
0 92
0 42
0 36
0 63
0 78
0 50
0 53
0 81
0 73
0 72
0 52
0 54
0 80
0 82
0 59
0 87
0 69
0 67
0 71
0 57
0 85
0 58
0 86
0 66
0 68
0 70
1 131 65
1 132 56
1 133 84
1 4 64
END_STATE
END_LABELED_STATE
BEGIN_LABELED_STATE
66
BEGIN_STATE
0 97
0 111
0 110
0 109
0 108
0 107
0 93
0 41
0 27
0 26
0 25
0 24
0 23
0 37
0 62
0 98
0 92
0 42
0 36
0 63
0 78
0 50
0 53
0 81
0 73
0 72
0 52
0 54
0 80
0 82
0 59
0 87
0 69
0 67
0 71
0 57
0 85
0 58
0 86
0 68
0 64
0 70
1 131 66
1 132 56
1 133 84
1 4 65
END_STATE
END_LABELED_STATE
BEGIN_LABELED_STATE
65
BEGIN_STATE
0 97
0 111
0 110
0 109
0 108
0 107
0 93
0 41
0 27
0 26
0 25
0 24
0 23
0 37
0 62
0 98
0 92
0 42
0 36
0 63
0 78
0 50
0 53
0 81
0 73
0 72
0 65
0 52
0 54
0 80
0 82
0 59
0 87
0 69
0 71
0 57
0 85
0 58
0 86
0 68
0 64
0 70
1 131 67
1 132 56
1 133 84
1 4 66
END_STATE
END_LABELED_STATE
BEGIN_LABELED_STATE
64
BEGIN_STATE
0 97
0 111
0 110
0 109
0 108
0 107
0 93
0 41
0 27
0 26
0 25
0 24
0 23
0 37
0 62
0 98
0 92
0 42
0 36
0 63
0 78
0 50
0 53
0 81
0 73
0 72
0 65
0 52
0 54
0 80
0 82
0 59
0 87
0 69
0 71
0 57
0 85
0 58
0 86
0 66
0 64
0 70
1 131 68
1 132 56
1 133 84
1 4 67
END_STATE
END_LABELED_STATE
BEGIN_LABELED_STATE
63
BEGIN_STATE
0 97
0 111
0 110
0 109
0 108
0 107
0 93
0 41
0 27
0 26
0 25
0 24
0 23
0 37
0 62
0 98
0 92
0 42
0 36
0 63
0 78
0 50
0 53
0 81
0 73
0 72
0 65
0 52
0 54
0 80
0 82
0 59
0 87
0 67
0 71
0 57
0 85
0 58
0 86
0 66
0 64
0 70
1 131 69
1 132 56
1 133 84
1 4 68
END_STATE
END_LABELED_STATE
BEGIN_LABELED_STATE
62
BEGIN_STATE
0 97
0 111
0 110
0 109
0 108
0 107
0 93
0 41
0 27
0 26
0 25
0 24
0 23
0 37
0 62
0 98
0 92
0 42
0 36
0 63
0 78
0 50
0 53
0 81
0 73
0 72
0 65
0 52
0 54
0 80
0 82
0 59
0 87
0 67
0 71
0 57
0 85
0 58
0 86
0 66
0 68
0 64
1 131 70
1 132 56
1 133 84
1 4 69
END_STATE
END_LABELED_STATE
BEGIN_LABELED_STATE
61
BEGIN_STATE
0 97
0 111
0 110
0 109
0 108
0 107
0 93
0 41
0 27
0 26
0 25
0 24
0 23
0 37
0 62
0 98
0 92
0 42
0 36
0 63
0 78
0 50
0 53
0 81
0 73
0 72
0 65
0 52
0 54
0 80
0 82
0 59
0 87
0 69
0 67
0 57
0 85
0 58
0 86
0 66
0 68
0 64
1 131 71
1 132 56
1 133 84
1 4 70
END_STATE
END_LABELED_STATE
BEGIN_LABELED_STATE
60
BEGIN_STATE
0 97
0 111
0 110
0 109
0 108
0 107
0 93
0 41
0 27
0 26
0 25
0 24
0 23
0 37
0 62
0 98
0 92
0 42
0 36
0 63
0 78
0 50
0 53
0 81
0 73
0 72
0 65
0 52
0 54
0 80
0 82
0 59
0 87
0 67
0 57
0 85
0 58
0 86
0 66
0 68
0 64
0 70
1 131 71
1 132 56
1 133 84
1 4 69
END_STATE
END_LABELED_STATE
BEGIN_LABELED_STATE
59
BEGIN_STATE
0 97
0 111
0 110
0 109
0 108
0 107
0 93
0 41
0 27
0 26
0 25
0 24
0 23
0 37
0 62
0 98
0 92
0 42
0 36
0 63
0 78
0 50
0 53
0 81
0 73
0 72
0 65
0 52
0 54
0 80
0 82
0 59
0 87
0 69
0 67
0 57
0 85
0 58
0 86
0 66
0 64
0 70
1 131 71
1 132 56
1 133 84
1 4 68
END_STATE
END_LABELED_STATE
BEGIN_LABELED_STATE
58
BEGIN_STATE
0 97
0 111
0 110
0 109
0 108
0 107
0 93
0 41
0 27
0 26
0 25
0 24
0 23
0 37
0 62
0 98
0 92
0 42
0 36
0 63
0 78
0 50
0 53
0 81
0 73
0 72
0 65
0 52
0 54
0 80
0 82
0 59
0 87
0 69
0 57
0 85
0 58
0 86
0 66
0 68
0 64
0 70
1 131 71
1 132 56
1 133 84
1 4 67
END_STATE
END_LABELED_STATE
BEGIN_LABELED_STATE
57
BEGIN_STATE
0 97
0 111
0 110
0 109
0 108
0 107
0 93
0 41
0 27
0 26
0 25
0 24
0 23
0 37
0 62
0 98
0 92
0 42
0 36
0 63
0 78
0 50
0 53
0 81
0 73
0 72
0 65
0 52
0 54
0 80
0 82
0 59
0 87
0 69
0 67
0 57
0 85
0 58
0 86
0 68
0 64
0 70
1 131 71
1 132 56
1 133 84
1 4 66
END_STATE
END_LABELED_STATE
BEGIN_LABELED_STATE
56
BEGIN_STATE
0 97
0 111
0 110
0 109
0 108
0 107
0 93
0 41
0 27
0 26
0 25
0 24
0 23
0 37
0 62
0 98
0 92
0 42
0 36
0 63
0 78
0 50
0 53
0 81
0 73
0 72
0 52
0 54
0 80
0 82
0 59
0 87
0 69
0 67
0 57
0 85
0 58
0 86
0 66
0 68
0 64
0 70
1 131 71
1 132 56
1 133 84
1 4 65
END_STATE
END_LABELED_STATE
BEGIN_LABELED_STATE
55
BEGIN_STATE
0 97
0 111
0 110
0 109
0 108
0 107
0 93
0 41
0 27
0 26
0 25
0 24
0 23
0 37
0 62
0 98
0 92
0 42
0 36
0 63
0 78
0 50
0 53
0 81
0 73
0 72
0 65
0 52
0 54
0 80
0 82
0 59
0 87
0 69
0 67
0 57
0 85
0 58
0 86
0 66
0 68
0 70
1 131 71
1 132 56
1 133 84
1 4 64
END_STATE
END_LABELED_STATE
BEGIN_LABELED_STATE
54
BEGIN_STATE
0 97
0 111
0 110
0 109
0 108
0 107
0 93
0 41
0 27
0 26
0 25
0 24
0 23
0 37
0 62
0 98
0 92
0 42
0 36
0 63
0 50
0 53
0 81
0 73
0 72
0 65
0 52
0 54
0 80
0 82
0 59
0 87
0 69
0 67
0 57
0 85
0 58
0 86
0 66
0 68
0 64
0 70
1 131 71
1 132 56
1 133 84
1 4 78
END_STATE
END_LABELED_STATE
BEGIN_LABELED_STATE
53
BEGIN_STATE
0 97
0 111
0 110
0 109
0 108
0 107
0 93
0 41
0 27
0 26
0 25
0 24
0 23
0 37
0 62
0 98
0 42
0 36
0 63
0 78
0 50
0 53
0 81
0 73
0 72
0 65
0 52
0 54
0 80
0 82
0 59
0 87
0 69
0 67
0 57
0 85
0 58
0 86
0 66
0 68
0 64
0 70
1 131 71
1 132 56
1 133 84
1 4 92
END_STATE
END_LABELED_STATE
BEGIN_LABELED_STATE
52
BEGIN_STATE
0 97
0 111
0 110
0 109
0 108
0 107
0 41
0 27
0 26
0 25
0 24
0 23
0 37
0 62
0 98
0 92
0 42
0 36
0 63
0 78
0 50
0 53
0 81
0 73
0 72
0 65
0 52
0 54
0 80
0 82
0 59
0 87
0 69
0 67
0 57
0 85
0 58
0 86
0 66
0 68
0 64
0 70
1 131 71
1 132 56
1 133 84
1 4 93
END_STATE
END_LABELED_STATE
BEGIN_LABELED_STATE
51
BEGIN_STATE
0 97
0 111
0 110
0 109
0 108
0 93
0 41
0 27
0 26
0 25
0 24
0 23
0 37
0 62
0 98
0 92
0 42
0 36
0 63
0 78
0 50
0 53
0 81
0 73
0 72
0 65
0 52
0 54
0 80
0 82
0 59
0 87
0 69
0 67
0 57
0 85
0 58
0 86
0 66
0 68
0 64
0 70
1 131 71
1 132 56
1 133 84
1 4 107
END_STATE
END_LABELED_STATE
BEGIN_LABELED_STATE
50
BEGIN_STATE
0 97
0 111
0 110
0 109
0 107
0 93
0 41
0 27
0 26
0 25
0 24
0 23
0 37
0 62
0 98
0 92
0 42
0 36
0 63
0 78
0 50
0 53
0 81
0 73
0 72
0 65
0 52
0 54
0 80
0 82
0 59
0 87
0 69
0 67
0 57
0 85
0 58
0 86
0 66
0 68
0 64
0 70
1 131 71
1 132 56
1 133 84
1 4 108
END_STATE
END_LABELED_STATE
BEGIN_LABELED_STATE
49
BEGIN_STATE
0 97
0 111
0 110
0 108
0 107
0 93
0 41
0 27
0 26
0 25
0 24
0 23
0 37
0 62
0 98
0 92
0 42
0 36
0 63
0 78
0 50
0 53
0 81
0 73
0 72
0 65
0 52
0 54
0 80
0 82
0 59
0 87
0 69
0 67
0 57
0 85
0 58
0 86
0 66
0 68
0 64
0 70
1 131 71
1 132 56
1 133 84
1 4 109
END_STATE
END_LABELED_STATE
BEGIN_LABELED_STATE
48
BEGIN_STATE
0 97
0 111
0 109
0 108
0 107
0 93
0 41
0 27
0 26
0 25
0 24
0 23
0 37
0 62
0 98
0 92
0 42
0 36
0 63
0 78
0 50
0 53
0 81
0 73
0 72
0 65
0 52
0 54
0 80
0 82
0 59
0 87
0 69
0 67
0 57
0 85
0 58
0 86
0 66
0 68
0 64
0 70
1 131 71
1 132 56
1 133 84
1 4 110
END_STATE
END_LABELED_STATE
BEGIN_LABELED_STATE
47
BEGIN_STATE
0 97
0 110
0 109
0 108
0 107
0 93
0 41
0 27
0 26
0 25
0 24
0 23
0 37
0 62
0 98
0 92
0 42
0 36
0 63
0 78
0 50
0 53
0 81
0 73
0 72
0 65
0 52
0 54
0 80
0 82
0 59
0 87
0 69
0 67
0 57
0 85
0 58
0 86
0 66
0 68
0 64
0 70
1 131 71
1 132 56
1 133 84
1 4 111
END_STATE
END_LABELED_STATE
BEGIN_LABELED_STATE
46
BEGIN_STATE
0 111
0 110
0 109
0 108
0 107
0 93
0 41
0 27
0 26
0 25
0 24
0 23
0 37
0 62
0 98
0 92
0 42
0 36
0 63
0 78
0 50
0 53
0 81
0 73
0 72
0 65
0 52
0 54
0 80
0 82
0 59
0 87
0 69
0 67
0 57
0 85
0 58
0 86
0 66
0 68
0 64
0 70
1 131 71
1 132 56
1 133 84
1 4 97
END_STATE
END_LABELED_STATE
BEGIN_LABELED_STATE
45
BEGIN_STATE
0 97
0 111
0 110
0 109
0 108
0 107
0 93
0 41
0 27
0 26
0 25
0 24
0 23
0 37
0 62
0 92
0 42
0 36
0 63
0 78
0 50
0 53
0 81
0 73
0 72
0 65
0 52
0 54
0 80
0 82
0 59
0 87
0 69
0 67
0 57
0 85
0 58
0 86
0 66
0 68
0 64
0 70
1 131 71
1 132 56
1 133 84
1 4 98
END_STATE
END_LABELED_STATE
BEGIN_LABELED_STATE
44
BEGIN_STATE
0 97
0 111
0 110
0 109
0 108
0 107
0 93
0 41
0 27
0 26
0 25
0 24
0 23
0 37
0 62
0 98
0 92
0 42
0 36
0 63
0 78
0 50
0 53
0 81
0 73
0 72
0 65
0 52
0 54
0 80
0 82
0 59
0 87
0 69
0 67
0 57
0 85
0 58
0 86
0 66
0 68
0 64
1 131 71
1 132 56
1 133 70
1 4 84
END_STATE
END_LABELED_STATE
BEGIN_LABELED_STATE
43
BEGIN_STATE
0 97
0 111
0 110
0 109
0 108
0 107
0 93
0 41
0 27
0 26
0 25
0 24
0 23
0 37
0 62
0 98
0 92
0 42
0 36
0 63
0 78
0 50
0 53
0 81
0 73
0 72
0 65
0 52
0 54
0 80
0 82
0 59
0 87
0 69
0 67
0 57
0 58
0 86
0 84
0 66
0 68
0 64
1 131 71
1 132 56
1 133 70
1 4 85
END_STATE
END_LABELED_STATE
BEGIN_LABELED_STATE
42
BEGIN_STATE
0 97
0 111
0 110
0 109
0 108
0 107
0 93
0 41
0 27
0 26
0 25
0 24
0 23
0 37
0 62
0 98
0 92
0 42
0 36
0 63
0 78
0 50
0 53
0 81
0 73
0 72
0 65
0 52
0 54
0 80
0 82
0 59
0 87
0 69
0 67
0 85
0 58
0 86
0 84
0 66
0 68
0 64
1 131 57
1 132 56
1 133 70
1 4 71
2 131
END_STATE
END_LABELED_STATE
BEGIN_LABELED_STATE
41
BEGIN_STATE
0 97
0 111
0 110
0 109
0 108
0 107
0 93
0 41
0 27
0 26
0 25
0 24
0 23
0 37
0 62
0 98
0 92
0 42
0 36
0 63
0 78
0 50
0 53
0 81
0 73
0 72
0 65
0 52
0 54
0 80
0 82
0 59
0 87
0 67
0 71
0 85
0 58
0 86
0 84
0 66
0 68
0 64
1 131 57
1 132 56
1 133 69
1 4 70
2 131
END_STATE
END_LABELED_STATE
BEGIN_LABELED_STATE
40
BEGIN_STATE
0 97
0 111
0 110
0 109
0 108
0 107
0 93
0 41
0 27
0 26
0 25
0 24
0 23
0 37
0 62
0 98
0 92
0 42
0 36
0 63
0 78
0 50
0 53
0 81
0 73
0 72
0 65
0 52
0 54
0 80
0 82
0 59
0 87
0 67
0 71
0 85
0 58
0 86
0 84
0 66
0 64
0 70
1 131 57
1 132 56
1 133 68
1 4 69
2 131
END_STATE
END_LABELED_STATE
BEGIN_LABELED_STATE
39
BEGIN_STATE
0 97
0 111
0 110
0 109
0 108
0 107
0 93
0 41
0 27
0 26
0 25
0 24
0 23
0 37
0 62
0 98
0 92
0 42
0 36
0 63
0 78
0 50
0 53
0 81
0 73
0 72
0 65
0 52
0 54
0 80
0 82
0 59
0 87
0 69
0 71
0 85
0 58
0 86
0 84
0 66
0 64
0 70
1 131 57
1 132 56
1 133 67
1 4 68
2 131
END_STATE
END_LABELED_STATE
BEGIN_LABELED_STATE
38
BEGIN_STATE
0 97
0 111
0 110
0 109
0 108
0 107
0 93
0 41
0 27
0 26
0 25
0 24
0 23
0 37
0 62
0 98
0 92
0 42
0 36
0 63
0 78
0 50
0 53
0 81
0 73
0 72
0 65
0 52
0 80
0 82
0 59
0 87
0 69
0 71
0 85
0 58
0 86
0 84
0 66
0 68
0 64
0 70
1 131 57
1 132 56
1 133 67
1 4 54
2 131
END_STATE
END_LABELED_STATE
BEGIN_LABELED_STATE
37
BEGIN_STATE
0 97
0 111
0 110
0 109
0 108
0 107
0 93
0 41
0 27
0 26
0 25
0 24
0 23
0 37
0 62
0 98
0 92
0 42
0 36
0 63
0 78
0 50
0 81
0 73
0 72
0 65
0 52
0 54
0 80
0 82
0 59
0 87
0 69
0 71
0 85
0 58
0 86
0 84
0 66
0 68
0 64
0 70
1 131 57
1 132 56
1 133 67
1 4 53
2 131
END_STATE
END_LABELED_STATE
BEGIN_LABELED_STATE
36
BEGIN_STATE
0 97
0 111
0 110
0 109
0 108
0 107
0 93
0 41
0 27
0 26
0 25
0 24
0 23
0 37
0 62
0 98
0 92
0 42
0 36
0 63
0 78
0 50
0 53
0 81
0 73
0 72
0 65
0 54
0 80
0 82
0 59
0 87
0 69
0 71
0 85
0 58
0 86
0 84
0 66
0 68
0 64
0 70
1 131 57
1 132 56
1 133 67
1 4 52
2 131
END_STATE
END_LABELED_STATE
BEGIN_LABELED_STATE
35
BEGIN_STATE
0 97
0 111
0 110
0 109
0 108
0 107
0 93
0 41
0 27
0 26
0 25
0 24
0 23
0 37
0 62
0 98
0 92
0 42
0 36
0 63
0 78
0 50
0 53
0 81
0 73
0 72
0 65
0 52
0 54
0 80
0 82
0 59
0 87
0 69
0 71
0 85
0 58
0 86
0 84
0 68
0 64
0 70
1 131 57
1 132 56
1 133 67
1 4 66
2 131
END_STATE
END_LABELED_STATE
BEGIN_LABELED_STATE
34
BEGIN_STATE
0 97
0 111
0 110
0 109
0 108
0 107
0 93
0 41
0 27
0 26
0 25
0 24
0 23
0 37
0 62
0 98
0 92
0 42
0 36
0 63
0 78
0 50
0 53
0 81
0 73
0 72
0 65
0 52
0 54
0 80
0 82
0 59
0 87
0 69
0 71
0 85
0 58
0 86
0 84
0 66
0 64
0 70
1 131 57
1 132 56
1 133 68
1 4 67
2 131
END_STATE
END_LABELED_STATE
BEGIN_LABELED_STATE
33
BEGIN_STATE
0 97
0 111
0 110
0 109
0 108
0 107
0 93
0 41
0 27
0 26
0 25
0 24
0 23
0 37
0 62
0 98
0 92
0 42
0 36
0 63
0 78
0 50
0 53
0 81
0 73
0 72
0 65
0 52
0 54
0 80
0 82
0 59
0 87
0 67
0 71
0 85
0 58
0 86
0 84
0 66
0 64
0 70
1 131 57
1 132 56
1 133 69
1 4 68
2 131
END_STATE
END_LABELED_STATE
BEGIN_LABELED_STATE
32
BEGIN_STATE
0 97
0 111
0 110
0 109
0 108
0 107
0 93
0 41
0 27
0 26
0 25
0 24
0 23
0 37
0 62
0 98
0 92
0 42
0 36
0 63
0 78
0 50
0 53
0 81
0 73
0 72
0 65
0 52
0 54
0 80
0 82
0 59
0 87
0 67
0 71
0 85
0 58
0 86
0 84
0 66
0 68
0 64
1 131 57
1 132 56
1 133 70
1 4 69
2 131
END_STATE
END_LABELED_STATE
BEGIN_LABELED_STATE
31
BEGIN_STATE
0 97
0 111
0 110
0 109
0 108
0 107
0 93
0 41
0 27
0 26
0 25
0 24
0 23
0 37
0 62
0 98
0 92
0 42
0 36
0 63
0 78
0 50
0 53
0 81
0 73
0 72
0 65
0 52
0 54
0 80
0 82
0 59
0 87
0 69
0 67
0 85
0 58
0 86
0 84
0 66
0 68
0 64
1 131 57
1 132 56
1 133 71
1 4 70
2 131
END_STATE
END_LABELED_STATE
BEGIN_LABELED_STATE
30
BEGIN_STATE
0 97
0 111
0 110
0 109
0 108
0 107
0 93
0 41
0 27
0 26
0 25
0 24
0 23
0 37
0 62
0 98
0 92
0 42
0 36
0 63
0 78
0 50
0 53
0 81
0 73
0 72
0 65
0 52
0 54
0 80
0 82
0 59
0 87
0 67
0 85
0 58
0 86
0 84
0 66
0 68
0 64
0 70
1 131 57
1 132 56
1 133 71
1 4 69
2 131
END_STATE
END_LABELED_STATE
BEGIN_LABELED_STATE
29
BEGIN_STATE
0 97
0 111
0 110
0 109
0 108
0 107
0 93
0 41
0 27
0 26
0 25
0 24
0 23
0 37
0 62
0 98
0 92
0 42
0 36
0 63
0 78
0 50
0 53
0 81
0 73
0 72
0 65
0 52
0 54
0 80
0 82
0 59
0 87
0 69
0 67
0 85
0 58
0 86
0 84
0 66
0 64
0 70
1 131 57
1 132 56
1 133 71
1 4 68
2 131
END_STATE
END_LABELED_STATE
BEGIN_LABELED_STATE
28
BEGIN_STATE
0 97
0 111
0 110
0 109
0 108
0 107
0 93
0 41
0 27
0 26
0 25
0 24
0 23
0 37
0 62
0 98
0 92
0 42
0 36
0 63
0 78
0 50
0 53
0 81
0 73
0 72
0 65
0 52
0 54
0 80
0 82
0 59
0 87
0 69
0 85
0 58
0 86
0 84
0 66
0 68
0 64
0 70
1 131 57
1 132 56
1 133 71
1 4 67
2 131
END_STATE
END_LABELED_STATE
BEGIN_LABELED_STATE
27
BEGIN_STATE
0 97
0 111
0 110
0 109
0 108
0 107
0 93
0 41
0 27
0 26
0 25
0 24
0 23
0 37
0 62
0 98
0 92
0 42
0 36
0 63
0 78
0 50
0 53
0 81
0 73
0 72
0 65
0 52
0 54
0 80
0 82
0 59
0 87
0 69
0 67
0 85
0 58
0 86
0 84
0 68
0 64
0 70
1 131 57
1 132 56
1 133 71
1 4 66
2 131
END_STATE
END_LABELED_STATE
BEGIN_LABELED_STATE
26
BEGIN_STATE
0 97
0 111
0 110
0 109
0 108
0 107
0 93
0 41
0 27
0 26
0 25
0 24
0 23
0 37
0 62
0 98
0 92
0 42
0 36
0 63
0 78
0 50
0 53
0 81
0 73
0 72
0 52
0 54
0 80
0 82
0 59
0 87
0 69
0 67
0 85
0 58
0 86
0 84
0 66
0 68
0 64
0 70
1 131 57
1 132 56
1 133 71
1 4 65
2 131
END_STATE
END_LABELED_STATE
BEGIN_LABELED_STATE
25
BEGIN_STATE
0 97
0 111
0 110
0 109
0 108
0 107
0 93
0 41
0 27
0 26
0 25
0 24
0 23
0 37
0 62
0 98
0 92
0 42
0 36
0 63
0 78
0 50
0 53
0 81
0 73
0 72
0 65
0 52
0 54
0 80
0 82
0 59
0 87
0 69
0 67
0 85
0 58
0 86
0 84
0 66
0 68
0 70
1 131 57
1 132 56
1 133 71
1 4 64
2 131
END_STATE
END_LABELED_STATE
BEGIN_LABELED_STATE
24
BEGIN_STATE
0 97
0 111
0 110
0 109
0 108
0 107
0 93
0 41
0 27
0 26
0 25
0 24
0 23
0 37
0 62
0 98
0 92
0 42
0 36
0 63
0 78
0 53
0 81
0 73
0 72
0 65
0 52
0 54
0 80
0 82
0 59
0 87
0 69
0 67
0 85
0 58
0 86
0 84
0 66
0 68
0 64
0 70
1 131 57
1 132 56
1 133 71
1 4 50
2 131
END_STATE
END_LABELED_STATE
BEGIN_LABELED_STATE
23
BEGIN_STATE
0 97
0 111
0 110
0 109
0 108
0 107
0 93
0 41
0 27
0 26
0 25
0 24
0 23
0 37
0 62
0 98
0 92
0 42
0 63
0 78
0 50
0 53
0 81
0 73
0 72
0 65
0 52
0 54
0 80
0 82
0 59
0 87
0 69
0 67
0 85
0 58
0 86
0 84
0 66
0 68
0 64
0 70
1 131 57
1 132 56
1 133 71
1 4 36
2 131
END_STATE
END_LABELED_STATE
BEGIN_LABELED_STATE
22
BEGIN_STATE
0 97
0 111
0 110
0 109
0 108
0 107
0 93
0 41
0 27
0 26
0 25
0 24
0 23
0 62
0 98
0 92
0 42
0 36
0 63
0 78
0 50
0 53
0 81
0 73
0 72
0 65
0 52
0 54
0 80
0 82
0 59
0 87
0 69
0 67
0 85
0 58
0 86
0 84
0 66
0 68
0 64
0 70
1 131 57
1 132 56
1 133 71
1 4 37
2 131
END_STATE
END_LABELED_STATE
BEGIN_LABELED_STATE
21
BEGIN_STATE
0 97
0 111
0 110
0 109
0 108
0 107
0 93
0 41
0 27
0 26
0 25
0 24
0 37
0 62
0 98
0 92
0 42
0 36
0 63
0 78
0 50
0 53
0 81
0 73
0 72
0 65
0 52
0 54
0 80
0 82
0 59
0 87
0 69
0 67
0 85
0 58
0 86
0 84
0 66
0 68
0 64
0 70
1 131 57
1 132 56
1 133 71
1 4 23
2 131
END_STATE
END_LABELED_STATE
BEGIN_LABELED_STATE
20
BEGIN_STATE
0 97
0 111
0 110
0 109
0 108
0 107
0 93
0 41
0 27
0 26
0 25
0 23
0 37
0 62
0 98
0 92
0 42
0 36
0 63
0 78
0 50
0 53
0 81
0 73
0 72
0 65
0 52
0 54
0 80
0 82
0 59
0 87
0 69
0 67
0 85
0 58
0 86
0 84
0 66
0 68
0 64
0 70
1 131 57
1 132 56
1 133 71
1 4 24
2 131
END_STATE
END_LABELED_STATE
BEGIN_LABELED_STATE
19
BEGIN_STATE
0 97
0 111
0 110
0 109
0 108
0 107
0 93
0 41
0 27
0 26
0 24
0 23
0 37
0 62
0 98
0 92
0 42
0 36
0 63
0 78
0 50
0 53
0 81
0 73
0 72
0 65
0 52
0 54
0 80
0 82
0 59
0 87
0 69
0 67
0 85
0 58
0 86
0 84
0 66
0 68
0 64
0 70
1 131 57
1 132 56
1 133 71
1 4 25
2 131
END_STATE
END_LABELED_STATE
BEGIN_LABELED_STATE
18
BEGIN_STATE
0 97
0 111
0 110
0 109
0 108
0 107
0 93
0 41
0 27
0 25
0 24
0 23
0 37
0 62
0 98
0 92
0 42
0 36
0 63
0 78
0 50
0 53
0 81
0 73
0 72
0 65
0 52
0 54
0 80
0 82
0 59
0 87
0 69
0 67
0 85
0 58
0 86
0 84
0 66
0 68
0 64
0 70
1 131 57
1 132 56
1 133 71
1 4 26
2 131
END_STATE
END_LABELED_STATE
BEGIN_LABELED_STATE
17
BEGIN_STATE
0 97
0 111
0 110
0 109
0 108
0 107
0 93
0 41
0 26
0 25
0 24
0 23
0 37
0 62
0 98
0 92
0 42
0 36
0 63
0 78
0 50
0 53
0 81
0 73
0 72
0 65
0 52
0 54
0 80
0 82
0 59
0 87
0 69
0 67
0 85
0 58
0 86
0 84
0 66
0 68
0 64
0 70
1 131 57
1 132 56
1 133 71
1 4 27
2 131
END_STATE
END_LABELED_STATE
BEGIN_LABELED_STATE
16
BEGIN_STATE
0 97
0 111
0 110
0 109
0 108
0 107
0 93
0 27
0 26
0 25
0 24
0 23
0 37
0 62
0 98
0 92
0 42
0 36
0 63
0 78
0 50
0 53
0 81
0 73
0 72
0 65
0 52
0 54
0 80
0 82
0 59
0 87
0 69
0 67
0 85
0 58
0 86
0 84
0 66
0 68
0 64
0 70
1 131 57
1 132 56
1 133 71
1 4 41
2 131
END_STATE
END_LABELED_STATE
BEGIN_LABELED_STATE
15
BEGIN_STATE
0 97
0 111
0 110
0 109
0 108
0 107
0 93
0 41
0 27
0 26
0 25
0 24
0 23
0 37
0 62
0 98
0 92
0 36
0 63
0 78
0 50
0 53
0 81
0 73
0 72
0 65
0 52
0 54
0 80
0 82
0 59
0 87
0 69
0 67
0 85
0 58
0 86
0 84
0 66
0 68
0 64
0 70
1 131 57
1 132 56
1 133 71
1 4 42
2 131
END_STATE
END_LABELED_STATE
BEGIN_LABELED_STATE
14
BEGIN_STATE
0 97
0 111
0 110
0 109
0 108
0 107
0 93
0 41
0 27
0 26
0 25
0 24
0 23
0 37
0 62
0 98
0 92
0 42
0 36
0 63
0 78
0 50
0 53
0 81
0 73
0 72
0 65
0 52
0 54
0 80
0 82
0 59
0 87
0 69
0 67
0 85
0 58
0 86
0 84
0 66
0 68
0 64
1 131 57
1 132 70
1 133 71
1 4 56
2 131
END_STATE
END_LABELED_STATE
BEGIN_LABELED_STATE
13
BEGIN_STATE
0 97
0 111
0 110
0 109
0 108
0 107
0 93
0 41
0 27
0 26
0 25
0 24
0 23
0 37
0 62
0 98
0 92
0 42
0 36
0 63
0 78
0 50
0 53
0 81
0 73
0 72
0 65
0 52
0 54
0 80
0 82
0 59
0 87
0 69
0 67
0 85
0 86
0 56
0 84
0 66
0 68
0 64
1 131 58
1 132 70
1 133 71
1 4 57
END_STATE
END_LABELED_STATE
BEGIN_LABELED_STATE
12
BEGIN_STATE
0 97
0 111
0 110
0 109
0 108
0 107
0 93
0 41
0 27
0 26
0 25
0 24
0 23
0 37
0 62
0 98
0 92
0 42
0 36
0 63
0 78
0 50
0 53
0 81
0 73
0 72
0 65
0 52
0 54
0 80
0 82
0 59
0 87
0 69
0 67
0 57
0 86
0 56
0 84
0 66
0 68
0 64
1 131 58
1 132 70
1 133 85
1 4 71
2 133
END_STATE
END_LABELED_STATE
BEGIN_LABELED_STATE
11
BEGIN_STATE
0 97
0 111
0 110
0 109
0 108
0 107
0 93
0 41
0 27
0 26
0 25
0 24
0 23
0 37
0 62
0 98
0 92
0 42
0 36
0 63
0 78
0 50
0 53
0 81
0 73
0 65
0 52
0 54
0 80
0 82
0 59
0 87
0 69
0 67
0 71
0 57
0 86
0 56
0 84
0 66
0 68
0 64
1 131 58
1 132 70
1 133 85
1 4 72
2 133
END_STATE
END_LABELED_STATE
BEGIN_LABELED_STATE
10
BEGIN_STATE
0 97
0 111
0 110
0 109
0 108
0 107
0 93
0 41
0 27
0 26
0 25
0 24
0 23
0 37
0 62
0 98
0 92
0 42
0 36
0 63
0 78
0 50
0 53
0 81
0 72
0 65
0 52
0 54
0 80
0 82
0 59
0 87
0 69
0 67
0 71
0 57
0 86
0 56
0 84
0 66
0 68
0 64
1 131 58
1 132 70
1 133 85
1 4 73
2 133
END_STATE
END_LABELED_STATE
BEGIN_LABELED_STATE
9
BEGIN_STATE
0 97
0 111
0 110
0 109
0 108
0 107
0 93
0 41
0 27
0 26
0 25
0 24
0 23
0 37
0 62
0 98
0 92
0 42
0 36
0 63
0 78
0 50
0 53
0 81
0 73
0 72
0 65
0 52
0 54
0 80
0 82
0 87
0 69
0 67
0 71
0 57
0 86
0 56
0 84
0 66
0 68
0 64
1 131 58
1 132 70
1 133 85
1 4 59
2 133
END_STATE
END_LABELED_STATE
BEGIN_LABELED_STATE
8
BEGIN_STATE
0 97
0 111
0 110
0 109
0 108
0 107
0 93
0 41
0 27
0 26
0 25
0 24
0 23
0 37
0 62
0 98
0 92
0 42
0 36
0 63
0 78
0 50
0 53
0 81
0 73
0 72
0 65
0 52
0 54
0 80
0 82
0 59
0 87
0 69
0 67
0 71
0 86
0 56
0 84
0 66
0 68
0 64
1 131 57
1 132 70
1 133 85
1 4 58
2 133
2 131
END_STATE
END_LABELED_STATE
BEGIN_LABELED_STATE
7
BEGIN_STATE
0 97
0 111
0 110
0 109
0 108
0 107
0 93
0 41
0 27
0 26
0 25
0 24
0 23
0 37
0 62
0 98
0 92
0 42
0 36
0 63
0 78
0 50
0 53
0 81
0 73
0 65
0 52
0 54
0 80
0 82
0 59
0 87
0 69
0 67
0 71
0 58
0 86
0 56
0 84
0 66
0 68
0 64
1 131 57
1 132 70
1 133 85
1 4 72
2 133
2 131
END_STATE
END_LABELED_STATE
BEGIN_LABELED_STATE
6
BEGIN_STATE
0 97
0 111
0 110
0 109
0 108
0 107
0 93
0 41
0 27
0 26
0 25
0 24
0 23
0 37
0 62
0 98
0 92
0 42
0 36
0 63
0 78
0 50
0 53
0 81
0 73
0 72
0 65
0 52
0 54
0 80
0 82
0 59
0 87
0 69
0 67
0 58
0 86
0 56
0 84
0 66
0 68
0 64
1 131 57
1 132 70
1 133 85
1 4 71
2 133
2 131
END_STATE
END_LABELED_STATE
BEGIN_LABELED_STATE
5
BEGIN_STATE
0 97
0 111
0 110
0 109
0 108
0 107
0 93
0 41
0 27
0 26
0 25
0 24
0 23
0 37
0 62
0 98
0 92
0 42
0 36
0 63
0 78
0 50
0 53
0 81
0 73
0 72
0 65
0 52
0 54
0 80
0 82
0 59
0 87
0 67
0 71
0 58
0 86
0 56
0 84
0 66
0 68
0 64
1 131 57
1 132 69
1 133 85
1 4 70
2 133
2 131
END_STATE
END_LABELED_STATE
BEGIN_LABELED_STATE
4
BEGIN_STATE
0 97
0 111
0 110
0 109
0 108
0 107
0 93
0 41
0 27
0 26
0 25
0 24
0 23
0 37
0 62
0 98
0 92
0 42
0 36
0 63
0 78
0 50
0 53
0 81
0 73
0 72
0 65
0 52
0 54
0 80
0 82
0 59
0 87
0 67
0 71
0 58
0 86
0 56
0 84
0 66
0 64
0 70
1 131 57
1 132 68
1 133 85
1 4 69
2 133
2 131
END_STATE
END_LABELED_STATE
BEGIN_LABELED_STATE
3
BEGIN_STATE
0 97
0 111
0 110
0 109
0 108
0 107
0 93
0 41
0 27
0 26
0 25
0 24
0 23
0 37
0 62
0 98
0 92
0 42
0 36
0 63
0 78
0 50
0 53
0 81
0 73
0 72
0 65
0 52
0 54
0 80
0 82
0 59
0 87
0 69
0 71
0 58
0 86
0 56
0 84
0 66
0 64
0 70
1 131 57
1 132 67
1 133 85
1 4 68
2 133
2 131
END_STATE
END_LABELED_STATE
BEGIN_LABELED_STATE
2
BEGIN_STATE
0 97
0 111
0 110
0 109
0 108
0 107
0 93
0 41
0 27
0 26
0 25
0 24
0 23
0 37
0 62
0 98
0 92
0 42
0 36
0 63
0 78
0 50
0 53
0 81
0 73
0 72
0 65
0 52
0 54
0 80
0 82
0 59
0 87
0 69
0 71
0 58
0 86
0 56
0 84
0 68
0 64
0 70
1 131 57
1 132 66
1 133 85
1 4 67
2 133
2 131
END_STATE
END_LABELED_STATE
BEGIN_LABELED_STATE
1
BEGIN_STATE
0 97
0 111
0 110
0 109
0 108
0 107
0 93
0 41
0 27
0 26
0 25
0 24
0 23
0 37
0 62
0 98
0 92
0 42
0 36
0 63
0 78
0 50
0 53
0 81
0 73
0 72
0 52
0 54
0 80
0 82
0 59
0 87
0 69
0 67
0 71
0 58
0 86
0 56
0 84
0 68
0 64
0 70
1 131 57
1 132 65
1 133 85
1 4 66
2 133
2 131
END_STATE
END_LABELED_STATE
BEGIN_LABELED_STATE
0
BEGIN_STATE
0 97
0 111
0 110
0 109
0 108
0 107
0 93
0 41
0 27
0 26
0 25
0 24
0 23
0 37
0 62
0 98
0 92
0 42
0 36
0 63
0 78
0 50
0 53
0 81
0 73
0 72
0 52
0 54
0 80
0 82
0 59
0 87
0 69
0 67
0 71
0 58
0 86
0 56
0 84
0 66
0 68
0 70
1 131 57
1 132 64
1 133 85
1 4 65
2 133
2 132
2 131
END_STATE
END_LABELED_STATE
BEGIN_LABELED_STATE
0
BEGIN_STATE
0 97
0 111
0 108
0 107
0 41
0 26
0 25
0 98
0 63
0 53
0 81
0 73
0 72
0 52
0 80
0 59
0 87
0 85
0 56
0 84
0 66
0 64
1 131 54
1 132 56
1 133 69
1 4 87
2 133
2 132
2 131
END_STATE
END_LABELED_STATE
BEGIN_LABELED_STATE
0
BEGIN_STATE
0 111
0 108
0 107
0 93
0 41
0 27
0 26
0 24
0 23
0 98
0 92
0 42
0 36
0 78
0 50
0 52
0 54
0 59
0 69
0 67
0 71
0 57
0 85
0 84
0 66
0 68
0 64
1 131 59
1 132 87
1 133 58
1 4 27
2 133
2 132
2 131
END_STATE
END_LABELED_STATE
BEGIN_LABELED_STATE
0
BEGIN_STATE
0 97
0 110
0 109
0 108
0 27
0 25
0 23
0 37
0 92
0 42
0 36
0 78
0 81
0 73
0 72
0 52
0 80
0 82
0 87
0 67
0 57
0 58
0 56
0 84
0 66
0 64
0 70
1 131 63
1 132 68
1 133 87
1 4 50
2 133
2 132
2 131
END_STATE
END_LABELED_STATE
BEGIN_LABELED_STATE
0
BEGIN_STATE
0 97
0 110
0 109
0 108
0 93
0 41
0 26
0 25
0 23
0 62
0 98
0 53
0 65
0 52
0 82
0 59
0 87
0 67
0 71
0 85
0 58
0 66
0 64
0 70
1 131 92
1 132 53
1 133 70
1 4 110
2 133
2 132
2 131
END_STATE
END_LABELED_STATE
BEGIN_LABELED_STATE
0
BEGIN_STATE
0 97
0 111
0 109
0 107
0 41
0 26
0 23
0 62
0 98
0 92
0 42
0 63
0 53
0 81
0 72
0 65
0 54
0 80
0 87
0 67
0 85
0 58
0 56
0 66
0 68
0 64
1 131 73
1 132 68
1 133 87
1 4 93
2 133
2 132
2 131
END_STATE
END_LABELED_STATE
BEGIN_LABELED_STATE
0
BEGIN_STATE
0 111
0 109
0 41
0 27
0 25
0 24
0 62
0 92
0 36
0 63
0 81
0 73
0 65
0 52
0 54
0 80
0 82
0 59
0 87
0 67
0 85
0 58
0 86
0 56
0 66
1 131 70
1 132 71
1 133 54
1 4 25
2 133
2 132
2 131
END_STATE
END_LABELED_STATE
BEGIN_LABELED_STATE
0
BEGIN_STATE
0 110
0 93
0 41
0 26
0 25
0 92
0 42
0 36
0 63
0 50
0 53
0 72
0 52
0 82
0 59
0 87
0 69
0 57
0 85
0 58
0 84
0 66
0 68
0 64
0 70
1 131 78
1 132 70
1 133 87
1 4 81
2 133
2 132
2 131
END_STATE
END_LABELED_STATE
BEGIN_LABELED_STATE
0
BEGIN_STATE
0 109
0 107
0 41
0 26
0 25
0 62
0 92
0 42
0 36
0 63
0 78
0 50
0 53
0 73
0 52
0 54
0 80
0 82
0 87
0 69
0 67
0 71
0 58
0 86
0 56
0 66
0 68
0 64
1 131 80
1 132 72
1 133 50
1 4 92
2 133
2 132
2 131
END_STATE
END_LABELED_STATE
BEGIN_LABELED_STATE
0
BEGIN_STATE
0 110
0 107
0 26
0 25
0 24
0 23
0 37
0 98
0 92
0 42
0 63
0 78
0 50
0 65
0 54
0 80
0 87
0 67
0 57
0 56
0 84
0 66
0 64
0 70
1 131 73
1 132 69
1 133 98
1 4 62
2 133
2 132
2 131
END_STATE
END_LABELED_STATE
BEGIN_LABELED_STATE
0
BEGIN_STATE
0 110
0 108
0 27
0 25
0 24
0 23
0 37
0 62
0 98
0 92
0 42
0 36
0 81
0 72
0 52
0 54
0 69
0 58
0 86
0 56
0 66
0 68
0 70
1 131 84
1 132 87
1 133 59
1 4 56
2 133
2 132
2 131
END_STATE
END_LABELED_STATE
BEGIN_LABELED_STATE
0
BEGIN_STATE
0 97
0 110
0 107
0 93
0 41
0 26
0 25
0 24
0 37
0 62
0 98
0 92
0 42
0 36
0 63
0 78
0 53
0 65
0 54
0 80
0 67
0 58
0 86
0 56
0 84
0 66
1 131 98
1 132 80
1 133 63
1 4 62
2 133
2 132
2 131
END_STATE
END_LABELED_STATE
BEGIN_LABELED_STATE
0
BEGIN_STATE
0 109
0 108
0 93
0 41
0 26
0 25
0 24
0 23
0 92
0 42
0 63
0 78
0 81
0 73
0 72
0 59
0 87
0 69
0 67
0 57
0 86
0 70
1 131 78
1 132 85
1 133 73
1 4 24
2 133
2 132
2 131
END_STATE
END_LABELED_STATE
BEGIN_LABELED_STATE
0
BEGIN_STATE
0 109
0 107
0 41
0 27
0 37
0 63
0 78
0 65
0 52
0 54
0 57
0 58
0 84
0 66
0 68
0 70
1 131 65
1 132 52
1 133 85
1 4 25
2 133
2 132
2 131
END_STATE
END_LABELED_STATE
BEGIN_LABELED_STATE
0
BEGIN_STATE
0 109
0 93
0 41
0 27
0 25
0 23
0 92
0 42
0 36
0 63
0 53
0 65
0 52
0 54
0 80
0 59
0 87
0 67
0 71
0 85
0 58
0 86
0 56
0 84
1 131 98
1 132 80
1 133 59
1 4 53
2 133
2 132
2 131
END_STATE
END_LABELED_STATE
BEGIN_LABELED_STATE
0
BEGIN_STATE
0 111
0 110
0 108
0 107
0 41
0 27
0 25
0 23
0 98
0 78
0 50
0 81
0 72
0 82
0 67
0 86
0 84
0 68
0 64
1 131 80
1 132 78
1 133 87
1 4 26
2 133
2 132
2 131
END_STATE
END_LABELED_STATE
BEGIN_LABELED_STATE
0
BEGIN_STATE
0 110
0 109
0 108
0 107
0 41
0 27
0 26
0 25
0 24
0 37
0 98
0 92
0 78
0 81
0 73
0 72
0 52
0 80
0 59
0 56
0 66
0 64
1 131 58
1 132 64
1 133 84
1 4 93
2 133
2 132
2 131
END_STATE
END_LABELED_STATE
BEGIN_LABELED_STATE
0
BEGIN_STATE
0 110
0 108
0 27
0 26
0 25
0 23
0 98
0 36
0 63
0 72
0 59
0 67
0 71
0 85
0 86
1 131 73
1 132 81
1 133 86
1 4 56
2 133
2 132
2 131
END_STATE
END_LABELED_STATE
BEGIN_LABELED_STATE
0
BEGIN_STATE
0 111
0 110
0 109
0 108
0 93
0 27
0 25
0 62
0 92
0 42
0 36
0 63
0 78
0 53
0 73
0 52
0 80
0 59
0 87
0 57
0 85
0 86
0 84
1 131 87
1 132 80
1 133 53
1 4 78
2 133
2 132
2 131
END_STATE
END_LABELED_STATE
BEGIN_LABELED_STATE
0
BEGIN_STATE
0 97
0 111
0 108
0 98
0 92
0 63
0 50
0 53
0 81
0 65
0 52
0 54
0 80
0 82
0 59
0 69
0 57
0 85
0 84
0 70
1 131 92
1 132 87
1 133 87
1 4 24
2 133
2 132
2 131
END_STATE
END_LABELED_STATE
BEGIN_LABELED_STATE
0
BEGIN_STATE
0 97
0 110
0 108
0 93
0 27
0 26
0 98
0 92
0 36
0 78
0 50
0 73
0 72
0 65
0 52
0 54
0 80
0 82
0 69
0 85
0 86
0 56
0 84
1 131 72
1 132 57
1 133 80
1 4 59
2 133
2 132
2 131
END_STATE
END_LABELED_STATE
BEGIN_LABELED_STATE
0
BEGIN_STATE
0 97
0 110
0 109
0 107
0 93
0 41
0 26
0 98
0 36
0 50
0 65
0 52
0 82
0 69
0 67
0 71
0 57
0 58
0 56
0 84
1 131 36
1 132 62
1 133 78
1 4 109
2 133
2 132
2 131
END_STATE
END_LABELED_STATE
BEGIN_LABELED_STATE
0
BEGIN_STATE
0 97
0 110
0 109
0 108
0 107
0 41
0 26
0 24
0 92
0 42
0 63
0 78
0 50
0 53
0 65
0 52
0 80
0 82
0 59
0 57
0 85
0 64
0 70
1 131 36
1 132 98
1 133 98
1 4 86
2 133
2 132
2 131
END_STATE
END_LABELED_STATE
BEGIN_LABELED_STATE
0
BEGIN_STATE
0 97
0 108
0 93
0 92
0 42
0 63
0 78
0 53
0 73
0 72
0 65
0 52
0 80
0 82
0 59
0 87
0 69
0 71
0 57
0 58
0 86
0 56
0 84
0 68
0 70
1 131 68
1 132 56
1 133 85
1 4 54
2 133
2 132
2 131
END_STATE
END_LABELED_STATE
BEGIN_LABELED_STATE
0
BEGIN_STATE
0 111
0 110
0 109
0 108
0 41
0 27
0 26
0 62
0 98
0 92
0 50
0 73
0 72
0 82
0 59
0 87
0 71
0 85
0 64
0 70
1 131 64
1 132 67
1 133 82
1 4 81
2 133
2 132
2 131
END_STATE
END_LABELED_STATE
BEGIN_LABELED_STATE
0
BEGIN_STATE
0 97
0 108
0 93
0 26
0 25
0 24
0 37
0 98
0 53
0 81
0 65
0 71
0 58
0 86
0 56
0 84
0 66
0 68
0 64
0 70
1 131 65
1 132 50
1 133 81
1 4 41
2 133
2 132
2 131
END_STATE
END_LABELED_STATE
BEGIN_LABELED_STATE
0
BEGIN_STATE
0 97
0 108
0 107
0 93
0 27
0 25
0 24
0 37
0 98
0 92
0 42
0 36
0 63
0 78
0 50
0 53
0 72
0 52
0 54
0 82
0 59
0 87
0 71
0 57
0 85
0 86
0 84
0 66
0 64
1 131 92
1 132 70
1 133 92
1 4 66
2 133
2 132
2 131
END_STATE
END_LABELED_STATE
BEGIN_LABELED_STATE
0
BEGIN_STATE
0 111
0 110
0 108
0 93
0 41
0 27
0 23
0 42
0 36
0 78
0 50
0 81
0 54
0 80
0 82
0 59
0 87
0 67
0 71
0 84
0 66
0 68
1 131 42
1 132 56
1 133 86
1 4 59
2 133
2 132
2 131
END_STATE
END_LABELED_STATE
BEGIN_LABELED_STATE
0
BEGIN_STATE
0 111
0 109
0 107
0 93
0 41
0 26
0 25
0 24
0 37
0 98
0 92
0 42
0 63
0 81
0 65
0 54
0 59
0 87
0 67
0 71
0 85
0 56
0 70
1 131 73
1 132 87
1 133 78
1 4 69
2 133
2 132
2 131
END_STATE
END_LABELED_STATE
BEGIN_LABELED_STATE
0
BEGIN_STATE
0 111
0 108
0 93
0 27
0 23
0 36
0 63
0 73
0 72
0 54
0 80
0 82
0 67
0 57
0 85
0 86
0 56
0 66
0 68
1 131 84
1 132 57
1 133 70
1 4 25
2 133
2 132
2 131
END_STATE
END_LABELED_STATE
BEGIN_LABELED_STATE
0
BEGIN_STATE
0 111
0 109
0 108
0 41
0 27
0 26
0 25
0 92
0 36
0 63
0 53
0 65
0 52
0 80
0 87
0 69
0 67
0 71
0 57
0 85
0 86
0 56
0 66
0 68
0 64
0 70
1 131 53
1 132 65
1 133 59
1 4 68
2 133
2 132
2 131
END_STATE
END_LABELED_STATE
END_STATE_LIST
