BEGIN_TYPES
0 -1 object
1 0 thing
2 0 location
3 0 direction
4 1 player
5 1 stone
END_TYPES
BEGIN_OBJECTS
0 3 dir-down
1 3 dir-left
2 3 dir-right
3 3 dir-up
4 4 player-01
5 2 pos-01-01
6 2 pos-01-02
7 2 pos-01-03
8 2 pos-01-04
9 2 pos-01-05
10 2 pos-01-06
11 2 pos-01-07
12 2 pos-01-08
13 2 pos-02-01
14 2 pos-02-02
15 2 pos-02-03
16 2 pos-02-04
17 2 pos-02-05
18 2 pos-02-06
19 2 pos-02-07
20 2 pos-02-08
21 2 pos-03-01
22 2 pos-03-02
23 2 pos-03-03
24 2 pos-03-04
25 2 pos-03-05
26 2 pos-03-06
27 2 pos-03-07
28 2 pos-03-08
29 2 pos-04-01
30 2 pos-04-02
31 2 pos-04-03
32 2 pos-04-04
33 2 pos-04-05
34 2 pos-04-06
35 2 pos-04-07
36 2 pos-04-08
37 2 pos-05-01
38 2 pos-05-02
39 2 pos-05-03
40 2 pos-05-04
41 2 pos-05-05
42 2 pos-05-06
43 2 pos-05-07
44 2 pos-05-08
45 2 pos-06-01
46 2 pos-06-02
47 2 pos-06-03
48 2 pos-06-04
49 2 pos-06-05
50 2 pos-06-06
51 2 pos-06-07
52 2 pos-06-08
53 2 pos-07-01
54 2 pos-07-02
55 2 pos-07-03
56 2 pos-07-04
57 2 pos-07-05
58 2 pos-07-06
59 2 pos-07-07
60 2 pos-07-08
61 2 pos-08-01
62 2 pos-08-02
63 2 pos-08-03
64 2 pos-08-04
65 2 pos-08-05
66 2 pos-08-06
67 2 pos-08-07
68 2 pos-08-08
69 2 pos-09-01
70 2 pos-09-02
71 2 pos-09-03
72 2 pos-09-04
73 2 pos-09-05
74 2 pos-09-06
75 2 pos-09-07
76 2 pos-09-08
77 2 pos-10-01
78 2 pos-10-02
79 2 pos-10-03
80 2 pos-10-04
81 2 pos-10-05
82 2 pos-10-06
83 2 pos-10-07
84 2 pos-10-08
85 2 pos-11-01
86 2 pos-11-02
87 2 pos-11-03
88 2 pos-11-04
89 2 pos-11-05
90 2 pos-11-06
91 2 pos-11-07
92 2 pos-11-08
93 5 stone-01
94 5 stone-02
95 5 stone-03
96 5 stone-04
END_OBJECTS
BEGIN_PREDICATES
0 2 clear
1 1 2 at
2 5 at-goal
3 2 is-goal
4 2 is-nongoal
5 2 2 3 move-dir
END_PREDICATES
BEGIN_GOAL
2 93
2 94
2 95
2 96
END_GOAL
BEGIN_ACTIONS
END_ACTIONS
BEGIN_STATIC_FACTS
4 53
4 69
5 16 15 3
5 50 58 2
5 31 32 0
5 84 83 3
5 23 24 0
5 73 72 3
0 75
5 40 48 2
5 75 76 0
5 34 26 1
4 59
4 78
5 42 50 2
5 35 34 3
5 78 70 1
5 43 42 3
4 10
4 20
5 35 43 2
5 47 46 3
5 71 72 0
4 90
4 86
5 5 13 2
5 89 90 0
5 91 83 1
5 42 43 0
5 62 70 2
4 9
4 5
4 48
5 47 55 2
5 65 73 2
5 76 68 1
4 33
4 63
5 40 32 1
5 42 34 1
5 15 23 2
4 60
5 32 31 3
4 70
5 38 39 0
4 38
5 58 50 1
5 40 39 3
4 47
4 26
4 34
4 73
4 83
4 13
4 66
5 34 35 0
4 51
4 91
4 14
5 41 42 0
4 82
4 28
0 10
5 92 84 1
5 55 63 2
0 90
5 79 78 3
5 55 47 1
4 27
0 5
5 65 57 1
5 24 32 2
5 57 65 2
4 77
4 32
5 92 91 3
5 11 10 3
5 24 23 3
5 63 62 3
5 84 76 1
0 60
5 63 55 1
5 71 70 3
5 71 63 1
4 16
5 31 39 2
4 79
4 43
5 35 27 1
5 41 40 3
5 11 12 0
4 37
5 91 90 3
0 13
0 83
0 91
4 22
4 72
5 10 11 0
4 56
5 48 40 1
5 42 41 3
5 32 24 1
4 25
4 7
4 76
4 46
4 84
5 46 47 0
4 50
5 32 40 2
4 61
5 90 89 3
5 70 71 0
4 89
4 40
4 64
5 48 47 3
5 12 11 3
4 12
5 24 16 1
3 41
5 84 92 2
5 83 75 1
5 38 46 2
5 23 15 1
5 68 60 1
5 75 83 2
4 81
5 60 68 2
5 39 38 3
4 36
4 58
3 23
5 13 5 1
5 76 84 2
5 39 40 0
4 54
4 80
5 34 42 2
4 65
4 52
4 35
4 21
0 76
4 11
0 84
4 87
5 91 92 0
5 68 76 2
0 89
4 67
5 26 27 0
5 40 41 0
4 29
4 68
0 12
5 16 24 2
5 83 84 0
4 88
4 57
4 92
5 31 30 3
5 46 38 1
5 57 58 0
5 83 91 2
5 43 35 1
5 62 63 0
5 72 71 3
4 44
5 63 71 2
5 78 79 0
4 24
4 15
5 27 26 3
5 79 71 1
4 19
5 23 31 2
4 39
5 26 34 2
4 8
4 31
4 62
5 39 47 2
5 38 30 1
0 11
5 90 91 0
4 49
4 6
4 45
5 70 62 1
4 17
0 68
4 75
5 50 42 1
4 18
5 73 65 1
0 92
4 85
3 71
5 30 38 2
4 30
5 27 35 2
5 47 39 1
5 30 31 0
4 42
5 71 79 2
5 72 73 0
3 55
5 15 16 0
5 58 57 3
4 74
5 47 48 0
5 31 23 1
5 76 75 3
5 70 78 2
5 39 31 1
END_STATIC_FACTS
BEGIN_STATE_LIST
BEGIN_LABELED_STATE
88
BEGIN_STATE
0 27
0 57
0 65
0 35
0 26
0 58
0 73
0 43
0 50
0 34
0 72
0 70
0 62
0 78
0 79
0 15
0 16
0 24
0 38
0 63
0 71
0 55
0 30
0 46
0 48
0 47
0 31
0 32
1 93 23
1 94 39
1 95 40
1 96 41
1 4 42
2 96
2 93
END_STATE
END_LABELED_STATE
BEGIN_LABELED_STATE
87
BEGIN_STATE
0 27
0 57
0 65
0 35
0 26
0 58
0 73
0 43
0 34
0 72
0 70
0 62
0 78
0 79
0 15
0 16
0 24
0 38
0 63
0 71
0 55
0 30
0 46
0 48
0 47
0 31
0 32
1 93 23
1 94 39
0 42
1 95 40
1 96 41
1 4 50
2 96
2 93
END_STATE
END_LABELED_STATE
BEGIN_LABELED_STATE
86
BEGIN_STATE
0 27
0 57
0 65
0 35
0 26
0 73
0 43
0 50
0 34
0 72
0 70
0 62
0 78
0 79
0 15
0 16
0 24
0 38
0 63
0 71
0 55
0 30
0 46
0 48
0 47
0 31
0 32
1 93 23
1 94 39
0 42
1 95 40
1 96 41
1 4 58
2 96
2 93
END_STATE
END_LABELED_STATE
BEGIN_LABELED_STATE
85
BEGIN_STATE
0 27
0 65
0 35
0 26
0 58
0 73
0 43
0 50
0 34
0 72
0 70
0 62
0 78
0 79
0 15
0 16
0 24
0 38
0 63
0 71
0 55
0 30
0 46
0 48
0 47
0 31
0 32
1 93 23
1 94 39
0 42
1 95 40
1 96 41
1 4 57
2 96
2 93
END_STATE
END_LABELED_STATE
BEGIN_LABELED_STATE
84
BEGIN_STATE
0 27
0 57
0 35
0 26
0 58
0 73
0 43
0 50
0 34
0 72
0 70
0 62
0 78
0 79
0 15
0 16
0 24
0 38
0 63
0 71
0 55
0 30
0 46
0 48
0 47
0 31
0 32
1 93 23
1 94 39
0 42
1 95 40
1 96 41
1 4 65
2 96
2 93
END_STATE
END_LABELED_STATE
BEGIN_LABELED_STATE
83
BEGIN_STATE
0 27
0 57
0 65
0 35
0 26
0 58
0 43
0 50
0 34
0 72
0 70
0 62
0 78
0 79
0 15
0 16
0 24
0 38
0 63
0 71
0 55
0 30
0 46
0 48
0 47
0 31
0 32
1 93 23
1 94 39
0 42
1 95 40
1 96 41
1 4 73
2 96
2 93
END_STATE
END_LABELED_STATE
BEGIN_LABELED_STATE
82
BEGIN_STATE
0 27
0 57
0 65
0 35
0 26
0 58
0 73
0 43
0 50
0 34
0 70
0 62
0 78
0 79
0 15
0 16
0 24
0 38
0 63
0 71
0 55
0 30
0 46
0 48
0 47
0 31
0 32
1 93 23
1 94 39
0 42
1 95 40
1 96 41
1 4 72
2 96
2 93
END_STATE
END_LABELED_STATE
BEGIN_LABELED_STATE
81
BEGIN_STATE
0 27
0 57
0 65
0 35
0 26
0 58
0 73
0 43
0 50
0 34
0 72
0 70
0 62
0 78
0 79
0 15
0 16
0 24
0 38
0 63
0 55
0 30
0 46
0 48
0 47
0 31
0 32
1 93 23
1 94 39
0 42
1 95 40
1 96 41
1 4 71
2 96
2 93
END_STATE
END_LABELED_STATE
BEGIN_LABELED_STATE
80
BEGIN_STATE
0 27
0 57
0 65
0 35
0 26
0 58
0 73
0 43
0 50
0 34
0 72
0 70
0 62
0 78
0 79
0 15
0 16
0 24
0 38
0 71
0 55
0 30
0 46
0 48
0 47
0 31
0 32
1 93 23
1 94 39
0 42
1 95 40
1 96 41
1 4 63
2 96
2 93
END_STATE
END_LABELED_STATE
BEGIN_LABELED_STATE
79
BEGIN_STATE
0 27
0 57
0 65
0 35
0 26
0 58
0 73
0 43
0 50
0 34
0 72
0 70
0 62
0 78
0 79
0 15
0 16
0 24
0 38
0 63
0 71
0 30
0 46
0 48
0 47
0 31
0 32
1 93 23
1 94 39
0 42
1 95 40
1 96 41
1 4 55
2 96
2 93
END_STATE
END_LABELED_STATE
BEGIN_LABELED_STATE
78
BEGIN_STATE
0 27
0 57
0 65
0 35
0 26
0 58
0 73
0 43
0 50
0 34
0 72
0 70
0 62
0 78
0 79
0 15
0 16
0 24
0 38
0 63
0 71
0 55
0 30
0 46
0 48
0 31
0 32
1 93 23
1 94 39
0 42
1 95 40
1 96 41
1 4 47
2 96
2 93
END_STATE
END_LABELED_STATE
BEGIN_LABELED_STATE
77
BEGIN_STATE
0 27
0 57
0 65
0 35
0 26
0 58
0 73
0 43
0 50
0 34
0 72
0 70
0 62
0 78
0 79
0 15
0 16
0 24
0 38
0 63
0 71
0 55
0 30
0 48
0 47
0 31
0 32
1 93 23
1 94 39
0 42
1 95 40
1 96 41
1 4 46
2 96
2 93
END_STATE
END_LABELED_STATE
BEGIN_LABELED_STATE
76
BEGIN_STATE
0 27
0 57
0 65
0 35
0 26
0 58
0 73
0 43
0 50
0 34
0 72
0 70
0 62
0 78
0 79
0 15
0 16
0 24
0 63
0 71
0 55
0 30
0 46
0 48
0 47
0 31
0 32
1 93 23
1 94 39
0 42
1 95 40
1 96 41
1 4 38
2 96
2 93
END_STATE
END_LABELED_STATE
BEGIN_LABELED_STATE
75
BEGIN_STATE
0 27
0 57
0 65
0 35
0 26
0 58
0 73
0 43
0 50
0 34
0 72
0 70
0 62
0 78
0 79
0 15
0 16
0 24
0 38
0 63
0 71
0 55
0 46
0 48
0 47
0 31
0 32
1 93 23
1 94 39
0 42
1 95 40
1 96 41
1 4 30
2 96
2 93
END_STATE
END_LABELED_STATE
BEGIN_LABELED_STATE
74
BEGIN_STATE
0 27
0 57
0 65
0 35
0 26
0 58
0 73
0 43
0 50
0 34
0 72
0 70
0 62
0 78
0 79
0 15
0 16
0 24
0 38
0 63
0 71
0 55
0 30
0 46
0 48
0 47
0 32
1 93 23
1 94 39
0 42
1 95 40
1 96 41
1 4 31
2 96
2 93
END_STATE
END_LABELED_STATE
BEGIN_LABELED_STATE
73
BEGIN_STATE
0 27
0 57
0 65
0 35
0 26
0 58
0 73
0 43
0 50
0 34
0 72
0 70
0 62
0 78
0 79
0 15
0 16
0 24
0 38
0 63
0 71
0 55
0 30
0 46
0 48
0 31
0 32
1 93 23
1 94 47
0 42
1 95 40
1 96 41
1 4 39
2 96
2 93
END_STATE
END_LABELED_STATE
BEGIN_LABELED_STATE
72
BEGIN_STATE
0 27
0 57
0 65
0 35
0 26
0 58
0 73
0 43
0 50
0 34
0 72
0 70
0 62
0 78
0 79
0 15
0 16
0 24
0 38
0 63
0 71
0 30
0 46
0 48
0 31
0 32
1 93 23
0 39
1 94 55
0 42
1 95 40
1 96 41
1 4 47
2 96
2 94
2 93
END_STATE
END_LABELED_STATE
BEGIN_LABELED_STATE
71
BEGIN_STATE
0 27
0 57
0 65
0 35
0 26
0 58
0 73
0 43
0 50
0 34
0 72
0 70
0 62
0 78
0 79
0 15
0 16
0 24
0 38
0 63
0 71
0 30
0 46
0 48
0 47
0 31
0 32
1 93 23
1 94 55
0 42
1 95 40
1 96 41
1 4 39
2 96
2 94
2 93
END_STATE
END_LABELED_STATE
BEGIN_LABELED_STATE
70
BEGIN_STATE
0 27
0 57
0 65
0 35
0 26
0 58
0 73
0 43
0 50
0 34
0 72
0 70
0 62
0 78
0 79
0 15
0 16
0 24
0 38
0 63
0 71
0 30
0 46
0 48
0 47
0 32
1 93 23
0 39
1 94 55
0 42
1 95 40
1 96 41
1 4 31
2 96
2 94
2 93
END_STATE
END_LABELED_STATE
BEGIN_LABELED_STATE
69
BEGIN_STATE
0 27
0 57
0 65
0 35
0 26
0 58
0 73
0 43
0 50
0 34
0 72
0 70
0 62
0 78
0 79
0 15
0 16
0 24
0 38
0 63
0 71
0 30
0 46
0 48
0 47
0 31
1 93 23
0 39
1 94 55
0 42
1 95 40
1 96 41
1 4 32
2 96
2 94
2 93
END_STATE
END_LABELED_STATE
BEGIN_LABELED_STATE
68
BEGIN_STATE
0 27
0 57
0 65
0 35
0 26
0 58
0 73
0 43
0 50
0 34
0 72
0 70
0 62
0 78
0 79
0 15
0 16
0 38
0 63
0 71
0 30
0 46
0 48
0 47
0 31
0 32
1 93 23
0 39
1 94 55
0 42
1 95 40
1 96 41
1 4 24
2 96
2 94
2 93
END_STATE
END_LABELED_STATE
BEGIN_LABELED_STATE
67
BEGIN_STATE
0 27
0 57
0 65
0 35
0 26
0 58
0 73
0 43
0 50
0 34
0 72
0 70
0 62
0 78
0 79
0 15
0 24
0 38
0 63
0 71
0 30
0 46
0 48
0 47
0 31
0 32
1 93 23
0 39
1 94 55
0 42
1 95 40
1 96 41
1 4 16
2 96
2 94
2 93
END_STATE
END_LABELED_STATE
BEGIN_LABELED_STATE
66
BEGIN_STATE
0 27
0 57
0 65
0 35
0 26
0 58
0 73
0 43
0 50
0 34
0 72
0 70
0 62
0 78
0 79
0 16
0 24
0 38
0 63
0 71
0 30
0 46
0 48
0 47
0 31
0 32
1 93 23
0 39
1 94 55
0 42
1 95 40
1 96 41
1 4 15
2 96
2 94
2 93
END_STATE
END_LABELED_STATE
BEGIN_LABELED_STATE
65
BEGIN_STATE
0 27
0 57
0 65
0 35
0 26
0 58
0 73
0 43
0 50
0 34
0 72
0 70
0 62
0 78
0 79
0 15
0 16
0 24
0 38
0 63
0 71
0 30
0 46
0 48
0 47
0 32
1 93 31
0 39
1 94 55
0 42
1 95 40
1 96 41
1 4 23
2 96
2 94
END_STATE
END_LABELED_STATE
BEGIN_LABELED_STATE
64
BEGIN_STATE
0 27
0 57
0 65
0 35
0 26
0 58
0 73
0 43
0 50
0 34
0 72
0 70
0 62
0 78
0 79
0 15
0 16
0 23
0 24
0 38
0 63
0 71
0 30
0 46
0 48
0 47
0 32
1 93 39
1 94 55
0 42
1 95 40
1 96 41
1 4 31
2 96
2 94
END_STATE
END_LABELED_STATE
BEGIN_LABELED_STATE
63
BEGIN_STATE
0 27
0 57
0 65
0 35
0 26
0 58
0 73
0 43
0 50
0 34
0 72
0 70
0 62
0 78
0 79
0 15
0 16
0 23
0 24
0 38
0 63
0 71
0 46
0 48
0 47
0 31
0 32
1 93 39
1 94 55
0 42
1 95 40
1 96 41
1 4 30
2 96
2 94
END_STATE
END_LABELED_STATE
BEGIN_LABELED_STATE
62
BEGIN_STATE
0 27
0 57
0 65
0 35
0 26
0 58
0 73
0 43
0 50
0 34
0 72
0 70
0 62
0 78
0 79
0 15
0 16
0 23
0 24
0 63
0 71
0 30
0 46
0 48
0 47
0 31
0 32
1 93 39
1 94 55
0 42
1 95 40
1 96 41
1 4 38
2 96
2 94
END_STATE
END_LABELED_STATE
BEGIN_LABELED_STATE
61
BEGIN_STATE
0 27
0 57
0 65
0 35
0 26
0 58
0 73
0 43
0 50
0 34
0 72
0 70
0 62
0 78
0 79
0 15
0 16
0 23
0 24
0 38
0 63
0 71
0 30
0 48
0 47
0 31
0 32
1 93 39
1 94 55
0 42
1 95 40
1 96 41
1 4 46
2 96
2 94
END_STATE
END_LABELED_STATE
BEGIN_LABELED_STATE
60
BEGIN_STATE
0 27
0 57
0 65
0 35
0 26
0 58
0 73
0 43
0 50
0 34
0 72
0 70
0 62
0 78
0 79
0 15
0 16
0 23
0 24
0 38
0 63
0 71
0 30
0 46
0 48
0 31
0 32
1 93 39
1 94 55
0 42
1 95 40
1 96 41
1 4 47
2 96
2 94
END_STATE
END_LABELED_STATE
BEGIN_LABELED_STATE
59
BEGIN_STATE
0 27
0 57
0 65
0 35
0 26
0 58
0 73
0 43
0 50
0 34
0 72
0 70
0 62
0 78
0 79
0 15
0 16
0 23
0 24
0 38
0 63
0 71
0 30
0 46
0 47
0 31
0 32
1 93 39
1 94 55
0 42
1 95 40
1 96 41
1 4 48
2 96
2 94
END_STATE
END_LABELED_STATE
BEGIN_LABELED_STATE
58
BEGIN_STATE
0 27
0 57
0 65
0 35
0 26
0 58
0 73
0 43
0 50
0 34
0 72
0 70
0 62
0 78
0 79
0 15
0 16
0 23
0 24
0 38
0 63
0 71
0 30
0 46
0 48
0 47
0 31
1 93 39
1 94 55
0 42
1 95 32
1 96 41
1 4 40
2 96
2 94
END_STATE
END_LABELED_STATE
BEGIN_LABELED_STATE
57
BEGIN_STATE
0 27
0 57
0 65
0 35
0 26
0 58
0 73
0 43
0 50
0 34
0 72
0 70
0 62
0 78
0 79
0 15
0 16
0 23
0 24
0 38
0 63
0 71
0 30
0 46
0 48
0 47
0 31
1 93 39
1 94 55
0 40
1 95 32
1 96 42
1 4 41
2 94
END_STATE
END_LABELED_STATE
BEGIN_LABELED_STATE
56
BEGIN_STATE
0 27
0 57
0 65
0 35
0 26
0 58
0 73
0 43
0 50
0 34
0 72
0 70
0 62
0 78
0 79
0 15
0 16
0 23
0 24
0 38
0 41
0 63
0 71
0 30
0 46
0 48
0 47
0 31
1 93 39
1 94 55
1 95 32
1 96 42
1 4 40
2 94
END_STATE
END_LABELED_STATE
BEGIN_LABELED_STATE
55
BEGIN_STATE
0 27
0 57
0 65
0 35
0 26
0 58
0 73
0 43
0 50
0 34
0 72
0 70
0 62
0 78
0 79
0 15
0 16
0 23
0 38
0 41
0 63
0 71
0 30
0 46
0 48
0 47
0 31
1 93 39
1 94 55
0 40
1 95 24
1 96 42
1 4 32
2 94
END_STATE
END_LABELED_STATE
BEGIN_LABELED_STATE
54
BEGIN_STATE
0 27
0 57
0 65
0 35
0 26
0 58
0 73
0 43
0 50
0 34
0 72
0 70
0 62
0 78
0 79
0 15
0 16
0 23
0 38
0 41
0 63
0 71
0 30
0 46
0 48
0 47
0 32
1 93 39
1 94 55
0 40
1 95 24
1 96 42
1 4 31
2 94
END_STATE
END_LABELED_STATE
BEGIN_LABELED_STATE
53
BEGIN_STATE
0 27
0 57
0 65
0 35
0 26
0 58
0 73
0 43
0 50
0 34
0 72
0 70
0 62
0 78
0 79
0 15
0 16
0 38
0 41
0 63
0 71
0 30
0 46
0 48
0 47
0 31
0 32
1 93 39
1 94 55
0 40
1 95 24
1 96 42
1 4 23
2 94
END_STATE
END_LABELED_STATE
BEGIN_LABELED_STATE
52
BEGIN_STATE
0 27
0 57
0 65
0 35
0 26
0 58
0 73
0 43
0 50
0 34
0 72
0 70
0 62
0 78
0 79
0 16
0 23
0 38
0 41
0 63
0 71
0 30
0 46
0 48
0 47
0 31
0 32
1 93 39
1 94 55
0 40
1 95 24
1 96 42
1 4 15
2 94
END_STATE
END_LABELED_STATE
BEGIN_LABELED_STATE
51
BEGIN_STATE
0 27
0 57
0 65
0 35
0 26
0 58
0 73
0 43
0 50
0 34
0 72
0 70
0 62
0 78
0 79
0 15
0 23
0 38
0 41
0 63
0 71
0 30
0 46
0 48
0 47
0 31
0 32
1 93 39
1 94 55
0 40
1 95 24
1 96 42
1 4 16
2 94
END_STATE
END_LABELED_STATE
BEGIN_LABELED_STATE
50
BEGIN_STATE
0 27
0 57
0 65
0 35
0 26
0 58
0 73
0 43
0 50
0 34
0 72
0 70
0 62
0 78
0 79
0 15
0 16
0 23
0 38
0 41
0 63
0 71
0 30
0 46
0 48
0 47
0 31
1 93 39
1 94 55
0 40
1 95 32
1 96 42
1 4 24
2 94
END_STATE
END_LABELED_STATE
BEGIN_LABELED_STATE
49
BEGIN_STATE
0 27
0 57
0 65
0 35
0 26
0 58
0 73
0 43
0 50
0 34
0 72
0 70
0 62
0 78
0 79
0 15
0 16
0 23
0 24
0 38
0 41
0 63
0 71
0 30
0 46
0 48
0 47
0 31
1 93 39
1 94 55
1 95 40
1 96 42
1 4 32
2 94
END_STATE
END_LABELED_STATE
BEGIN_LABELED_STATE
48
BEGIN_STATE
0 27
0 57
0 65
0 35
0 26
0 58
0 73
0 43
0 50
0 34
0 72
0 70
0 62
0 78
0 79
0 15
0 16
0 23
0 24
0 38
0 41
0 63
0 71
0 30
0 46
0 48
0 47
0 32
1 93 39
1 94 55
1 95 40
1 96 42
1 4 31
2 94
END_STATE
END_LABELED_STATE
BEGIN_LABELED_STATE
47
BEGIN_STATE
0 27
0 57
0 65
0 35
0 26
0 58
0 73
0 43
0 50
0 34
0 72
0 70
0 62
0 78
0 79
0 15
0 16
0 23
0 24
0 38
0 41
0 63
0 71
0 46
0 48
0 47
0 31
0 32
1 93 39
1 94 55
1 95 40
1 96 42
1 4 30
2 94
END_STATE
END_LABELED_STATE
BEGIN_LABELED_STATE
46
BEGIN_STATE
0 27
0 57
0 65
0 35
0 26
0 58
0 73
0 43
0 50
0 34
0 72
0 70
0 62
0 78
0 79
0 15
0 16
0 23
0 24
0 41
0 63
0 71
0 30
0 46
0 48
0 47
0 31
0 32
1 93 39
1 94 55
1 95 40
1 96 42
1 4 38
2 94
END_STATE
END_LABELED_STATE
BEGIN_LABELED_STATE
45
BEGIN_STATE
0 27
0 57
0 65
0 35
0 26
0 58
0 73
0 43
0 50
0 34
0 72
0 70
0 62
0 78
0 79
0 15
0 16
0 23
0 24
0 38
0 41
0 63
0 71
0 30
0 48
0 47
0 31
0 32
1 93 39
1 94 55
1 95 40
1 96 42
1 4 46
2 94
END_STATE
END_LABELED_STATE
BEGIN_LABELED_STATE
44
BEGIN_STATE
0 27
0 57
0 65
0 35
0 26
0 58
0 73
0 43
0 50
0 34
0 72
0 70
0 62
0 78
0 79
0 15
0 16
0 23
0 24
0 38
0 41
0 63
0 71
0 30
0 46
0 48
0 31
0 32
1 93 39
1 94 55
1 95 40
1 96 42
1 4 47
2 94
END_STATE
END_LABELED_STATE
BEGIN_LABELED_STATE
43
BEGIN_STATE
0 27
0 57
0 65
0 35
0 26
0 58
0 73
0 43
0 50
0 34
0 72
0 70
0 62
0 78
0 79
0 15
0 16
0 23
0 24
0 38
0 41
0 63
0 71
0 30
0 46
0 48
0 47
0 32
1 93 31
1 94 55
1 95 40
1 96 42
1 4 39
2 94
END_STATE
END_LABELED_STATE
BEGIN_LABELED_STATE
42
BEGIN_STATE
0 27
0 57
0 65
0 35
0 26
0 58
0 73
0 43
0 50
0 34
0 72
0 70
0 62
0 78
0 79
0 15
0 16
0 24
0 38
0 41
0 63
0 71
0 30
0 46
0 48
0 47
0 32
1 93 23
0 39
1 94 55
1 95 40
1 96 42
1 4 31
2 94
2 93
END_STATE
END_LABELED_STATE
BEGIN_LABELED_STATE
41
BEGIN_STATE
0 27
0 57
0 65
0 35
0 26
0 58
0 73
0 43
0 50
0 34
0 72
0 70
0 62
0 78
0 79
0 15
0 16
0 24
0 38
0 41
0 63
0 71
0 30
0 46
0 48
0 47
0 31
0 32
1 93 23
1 94 55
1 95 40
1 96 42
1 4 39
2 94
2 93
END_STATE
END_LABELED_STATE
BEGIN_LABELED_STATE
40
BEGIN_STATE
0 27
0 57
0 65
0 35
0 26
0 58
0 73
0 43
0 50
0 34
0 72
0 70
0 62
0 78
0 79
0 15
0 16
0 24
0 38
0 41
0 63
0 71
0 30
0 46
0 48
0 31
0 32
1 93 23
0 39
1 94 55
1 95 40
1 96 42
1 4 47
2 94
2 93
END_STATE
END_LABELED_STATE
BEGIN_LABELED_STATE
39
BEGIN_STATE
0 27
0 57
0 65
0 35
0 26
0 58
0 73
0 43
0 50
0 34
0 72
0 70
0 62
0 78
0 79
0 15
0 16
0 24
0 38
0 41
0 71
0 30
0 46
0 48
0 47
0 31
0 32
1 93 23
0 39
1 94 63
1 95 40
1 96 42
1 4 55
2 93
END_STATE
END_LABELED_STATE
BEGIN_LABELED_STATE
38
BEGIN_STATE
0 27
0 57
0 65
0 35
0 26
0 58
0 73
0 43
0 50
0 34
0 72
0 70
0 62
0 78
0 79
0 15
0 16
0 24
0 38
0 41
0 55
0 30
0 46
0 48
0 47
0 31
0 32
1 93 23
0 39
1 94 71
1 95 40
1 96 42
1 4 63
2 94
2 93
END_STATE
END_LABELED_STATE
BEGIN_LABELED_STATE
37
BEGIN_STATE
0 27
0 57
0 65
0 35
0 26
0 58
0 73
0 43
0 50
0 34
0 72
0 70
0 78
0 79
0 15
0 16
0 24
0 38
0 41
0 63
0 55
0 30
0 46
0 48
0 47
0 31
0 32
1 93 23
0 39
1 94 71
1 95 40
1 96 42
1 4 62
2 94
2 93
END_STATE
END_LABELED_STATE
BEGIN_LABELED_STATE
36
BEGIN_STATE
0 27
0 57
0 65
0 35
0 26
0 58
0 73
0 43
0 50
0 34
0 72
0 62
0 78
0 79
0 15
0 16
0 24
0 38
0 41
0 63
0 55
0 30
0 46
0 48
0 47
0 31
0 32
1 93 23
0 39
1 94 71
1 95 40
1 96 42
1 4 70
2 94
2 93
END_STATE
END_LABELED_STATE
BEGIN_LABELED_STATE
35
BEGIN_STATE
0 27
0 57
0 65
0 35
0 26
0 58
0 73
0 43
0 50
0 34
0 72
0 70
0 62
0 79
0 15
0 16
0 24
0 38
0 41
0 63
0 55
0 30
0 46
0 48
0 47
0 31
0 32
1 93 23
0 39
1 94 71
1 95 40
1 96 42
1 4 78
2 94
2 93
END_STATE
END_LABELED_STATE
BEGIN_LABELED_STATE
34
BEGIN_STATE
0 27
0 57
0 65
0 35
0 26
0 58
0 73
0 43
0 50
0 34
0 72
0 70
0 62
0 78
0 15
0 16
0 24
0 38
0 41
0 63
0 55
0 30
0 46
0 48
0 47
0 31
0 32
1 93 23
0 39
1 94 71
1 95 40
1 96 42
1 4 79
2 94
2 93
END_STATE
END_LABELED_STATE
BEGIN_LABELED_STATE
33
BEGIN_STATE
0 27
0 57
0 65
0 35
0 26
0 58
0 73
0 43
0 50
0 34
0 72
0 70
0 62
0 78
0 79
0 15
0 16
0 24
0 38
0 41
0 55
0 30
0 46
0 48
0 47
0 31
0 32
1 93 23
0 39
1 94 63
1 95 40
1 96 42
1 4 71
2 93
END_STATE
END_LABELED_STATE
BEGIN_LABELED_STATE
32
BEGIN_STATE
0 27
0 57
0 65
0 35
0 26
0 58
0 73
0 43
0 50
0 34
0 70
0 62
0 78
0 79
0 15
0 16
0 24
0 38
0 41
0 71
0 55
0 30
0 46
0 48
0 47
0 31
0 32
1 93 23
0 39
1 94 63
1 95 40
1 96 42
1 4 72
2 93
END_STATE
END_LABELED_STATE
BEGIN_LABELED_STATE
31
BEGIN_STATE
0 27
0 57
0 65
0 35
0 26
0 58
0 43
0 50
0 34
0 72
0 70
0 62
0 78
0 79
0 15
0 16
0 24
0 38
0 41
0 71
0 55
0 30
0 46
0 48
0 47
0 31
0 32
1 93 23
0 39
1 94 63
1 95 40
1 96 42
1 4 73
2 93
END_STATE
END_LABELED_STATE
BEGIN_LABELED_STATE
30
BEGIN_STATE
0 27
0 57
0 35
0 26
0 58
0 73
0 43
0 50
0 34
0 72
0 70
0 62
0 78
0 79
0 15
0 16
0 24
0 38
0 41
0 71
0 55
0 30
0 46
0 48
0 47
0 31
0 32
1 93 23
0 39
1 94 63
1 95 40
1 96 42
1 4 65
2 93
END_STATE
END_LABELED_STATE
BEGIN_LABELED_STATE
29
BEGIN_STATE
0 27
0 65
0 35
0 26
0 58
0 73
0 43
0 50
0 34
0 72
0 70
0 62
0 78
0 79
0 15
0 16
0 24
0 38
0 41
0 71
0 55
0 30
0 46
0 48
0 47
0 31
0 32
1 93 23
0 39
1 94 63
1 95 40
1 96 42
1 4 57
2 93
END_STATE
END_LABELED_STATE
BEGIN_LABELED_STATE
28
BEGIN_STATE
0 27
0 57
0 65
0 35
0 26
0 73
0 43
0 50
0 34
0 72
0 70
0 62
0 78
0 79
0 15
0 16
0 24
0 38
0 41
0 71
0 55
0 30
0 46
0 48
0 47
0 31
0 32
1 93 23
0 39
1 94 63
1 95 40
1 96 42
1 4 58
2 93
END_STATE
END_LABELED_STATE
BEGIN_LABELED_STATE
27
BEGIN_STATE
0 27
0 57
0 65
0 35
0 26
0 58
0 73
0 43
0 34
0 72
0 70
0 62
0 78
0 79
0 15
0 16
0 24
0 38
0 41
0 71
0 55
0 30
0 46
0 48
0 47
0 31
0 32
1 93 23
0 39
1 94 63
1 95 40
1 96 42
1 4 50
2 93
END_STATE
END_LABELED_STATE
BEGIN_LABELED_STATE
26
BEGIN_STATE
0 27
0 57
0 65
0 35
0 26
0 58
0 73
0 43
0 50
0 72
0 70
0 62
0 78
0 79
0 15
0 16
0 24
0 38
0 41
0 71
0 55
0 30
0 46
0 48
0 47
0 31
0 32
1 93 23
0 39
1 94 63
1 95 40
1 96 34
1 4 42
2 93
END_STATE
END_LABELED_STATE
BEGIN_LABELED_STATE
25
BEGIN_STATE
0 27
0 57
0 65
0 35
0 26
0 58
0 73
0 43
0 50
0 72
0 70
0 62
0 78
0 79
0 15
0 16
0 24
0 38
0 71
0 55
0 30
0 46
0 48
0 47
0 31
0 32
1 93 23
0 39
1 94 63
0 42
1 95 40
1 96 34
1 4 41
2 93
END_STATE
END_LABELED_STATE
BEGIN_LABELED_STATE
24
BEGIN_STATE
0 27
0 57
0 65
0 35
0 26
0 58
0 73
0 43
0 50
0 72
0 70
0 62
0 78
0 79
0 15
0 16
0 24
0 38
0 41
0 71
0 55
0 30
0 46
0 48
0 47
0 31
0 32
1 93 23
1 94 63
0 42
1 95 39
1 96 34
1 4 40
2 93
END_STATE
END_LABELED_STATE
BEGIN_LABELED_STATE
23
BEGIN_STATE
0 27
0 57
0 65
0 35
0 26
0 58
0 73
0 43
0 50
0 72
0 70
0 62
0 78
0 79
0 15
0 16
0 24
0 38
0 41
0 71
0 55
0 30
0 46
0 47
0 31
0 32
1 93 23
1 94 63
0 40
0 42
1 95 39
1 96 34
1 4 48
2 93
END_STATE
END_LABELED_STATE
BEGIN_LABELED_STATE
22
BEGIN_STATE
0 27
0 57
0 65
0 35
0 26
0 58
0 73
0 43
0 50
0 72
0 70
0 62
0 78
0 79
0 15
0 16
0 24
0 38
0 41
0 71
0 55
0 30
0 46
0 48
0 31
0 32
1 93 23
1 94 63
0 40
0 42
1 95 39
1 96 34
1 4 47
2 93
END_STATE
END_LABELED_STATE
BEGIN_LABELED_STATE
21
BEGIN_STATE
0 27
0 57
0 65
0 35
0 26
0 58
0 73
0 43
0 50
0 72
0 70
0 62
0 78
0 79
0 15
0 16
0 24
0 38
0 41
0 71
0 30
0 46
0 48
0 47
0 31
0 32
1 93 23
1 94 63
0 40
0 42
1 95 39
1 96 34
1 4 55
2 93
END_STATE
END_LABELED_STATE
BEGIN_LABELED_STATE
20
BEGIN_STATE
0 27
0 57
0 65
0 35
0 26
0 58
0 73
0 43
0 50
0 72
0 70
0 62
0 78
0 79
0 15
0 16
0 24
0 38
0 41
0 55
0 30
0 46
0 48
0 47
0 31
0 32
1 93 23
1 94 71
0 40
0 42
1 95 39
1 96 34
1 4 63
2 94
2 93
END_STATE
END_LABELED_STATE
BEGIN_LABELED_STATE
19
BEGIN_STATE
0 27
0 57
0 65
0 35
0 26
0 58
0 73
0 43
0 50
0 72
0 70
0 62
0 78
0 79
0 15
0 16
0 24
0 38
0 41
0 63
0 30
0 46
0 48
0 47
0 31
0 32
1 93 23
1 94 71
0 40
0 42
1 95 39
1 96 34
1 4 55
2 94
2 93
END_STATE
END_LABELED_STATE
BEGIN_LABELED_STATE
18
BEGIN_STATE
0 27
0 57
0 65
0 35
0 26
0 58
0 73
0 43
0 50
0 72
0 70
0 62
0 78
0 79
0 15
0 16
0 24
0 38
0 41
0 63
0 55
0 30
0 46
0 48
0 31
0 32
1 93 23
1 94 71
0 40
0 42
1 95 39
1 96 34
1 4 47
2 94
2 93
END_STATE
END_LABELED_STATE
BEGIN_LABELED_STATE
17
BEGIN_STATE
0 27
0 57
0 65
0 35
0 26
0 58
0 73
0 43
0 50
0 72
0 70
0 62
0 78
0 79
0 15
0 16
0 24
0 38
0 41
0 63
0 55
0 30
0 48
0 47
0 31
0 32
1 93 23
1 94 71
0 40
0 42
1 95 39
1 96 34
1 4 46
2 94
2 93
END_STATE
END_LABELED_STATE
BEGIN_LABELED_STATE
16
BEGIN_STATE
0 27
0 57
0 65
0 35
0 26
0 58
0 73
0 43
0 50
0 72
0 70
0 62
0 78
0 79
0 15
0 16
0 24
0 41
0 63
0 55
0 30
0 46
0 48
0 47
0 31
0 32
1 93 23
1 94 71
0 40
0 42
1 95 39
1 96 34
1 4 38
2 94
2 93
END_STATE
END_LABELED_STATE
BEGIN_LABELED_STATE
15
BEGIN_STATE
0 27
0 57
0 65
0 35
0 26
0 58
0 73
0 43
0 50
0 72
0 70
0 62
0 78
0 79
0 15
0 16
0 24
0 38
0 41
0 63
0 55
0 46
0 48
0 47
0 31
0 32
1 93 23
1 94 71
0 40
0 42
1 95 39
1 96 34
1 4 30
2 94
2 93
END_STATE
END_LABELED_STATE
BEGIN_LABELED_STATE
14
BEGIN_STATE
0 27
0 57
0 65
0 35
0 26
0 58
0 73
0 43
0 50
0 72
0 70
0 62
0 78
0 79
0 15
0 16
0 24
0 38
0 41
0 63
0 55
0 30
0 46
0 48
0 47
0 32
1 93 23
1 94 71
0 40
0 42
1 95 39
1 96 34
1 4 31
2 94
2 93
END_STATE
END_LABELED_STATE
BEGIN_LABELED_STATE
13
BEGIN_STATE
0 27
0 57
0 65
0 35
0 26
0 58
0 73
0 43
0 50
0 72
0 70
0 62
0 78
0 79
0 15
0 16
0 24
0 38
0 41
0 63
0 55
0 30
0 46
0 48
0 31
0 32
1 93 23
1 94 71
0 40
0 42
1 95 47
1 96 34
1 4 39
2 94
2 93
END_STATE
END_LABELED_STATE
BEGIN_LABELED_STATE
12
BEGIN_STATE
0 27
0 57
0 65
0 35
0 26
0 58
0 73
0 43
0 50
0 72
0 70
0 62
0 78
0 79
0 15
0 16
0 24
0 38
0 41
0 63
0 30
0 46
0 48
0 31
0 32
1 93 23
0 39
1 94 71
0 40
0 42
1 95 55
1 96 34
1 4 47
2 95
2 94
2 93
END_STATE
END_LABELED_STATE
BEGIN_LABELED_STATE
11
BEGIN_STATE
0 27
0 57
0 65
0 35
0 26
0 58
0 73
0 43
0 50
0 72
0 70
0 62
0 78
0 79
0 15
0 16
0 24
0 38
0 41
0 63
0 30
0 46
0 47
0 31
0 32
1 93 23
0 39
1 94 71
0 40
0 42
1 95 55
1 96 34
1 4 48
2 95
2 94
2 93
END_STATE
END_LABELED_STATE
BEGIN_LABELED_STATE
10
BEGIN_STATE
0 27
0 57
0 65
0 35
0 26
0 58
0 73
0 43
0 50
0 72
0 70
0 62
0 78
0 79
0 15
0 16
0 24
0 38
0 41
0 63
0 30
0 46
0 48
0 47
0 31
0 32
1 93 23
0 39
1 94 71
0 42
1 95 55
1 96 34
1 4 40
2 95
2 94
2 93
END_STATE
END_LABELED_STATE
BEGIN_LABELED_STATE
9
BEGIN_STATE
0 27
0 57
0 65
0 35
0 26
0 58
0 73
0 43
0 50
0 72
0 70
0 62
0 78
0 79
0 15
0 16
0 24
0 38
0 63
0 30
0 46
0 48
0 47
0 31
0 32
1 93 23
0 39
1 94 71
0 40
0 42
1 95 55
1 96 34
1 4 41
2 95
2 94
2 93
END_STATE
END_LABELED_STATE
BEGIN_LABELED_STATE
8
BEGIN_STATE
0 27
0 57
0 65
0 35
0 26
0 58
0 73
0 43
0 50
0 72
0 70
0 62
0 78
0 79
0 15
0 16
0 24
0 38
0 41
0 63
0 30
0 46
0 48
0 47
0 31
0 32
1 93 23
0 39
1 94 71
0 40
1 95 55
1 96 34
1 4 42
2 95
2 94
2 93
END_STATE
END_LABELED_STATE
BEGIN_LABELED_STATE
7
BEGIN_STATE
0 27
0 57
0 65
0 35
0 26
0 58
0 73
0 50
0 72
0 70
0 62
0 78
0 79
0 15
0 16
0 24
0 38
0 41
0 63
0 30
0 46
0 48
0 47
0 31
0 32
1 93 23
0 39
1 94 71
0 40
0 42
1 95 55
1 96 34
1 4 43
2 95
2 94
2 93
END_STATE
END_LABELED_STATE
BEGIN_LABELED_STATE
6
BEGIN_STATE
0 27
0 57
0 65
0 26
0 58
0 73
0 43
0 50
0 72
0 70
0 62
0 78
0 79
0 15
0 16
0 24
0 38
0 41
0 63
0 30
0 46
0 48
0 47
0 31
0 32
1 93 23
0 39
1 94 71
0 40
0 42
1 95 55
1 96 34
1 4 35
2 95
2 94
2 93
END_STATE
END_LABELED_STATE
BEGIN_LABELED_STATE
5
BEGIN_STATE
0 57
0 65
0 35
0 26
0 58
0 73
0 43
0 50
0 72
0 70
0 62
0 78
0 79
0 15
0 16
0 24
0 38
0 41
0 63
0 30
0 46
0 48
0 47
0 31
0 32
1 93 23
0 39
1 94 71
0 40
0 42
1 95 55
1 96 34
1 4 27
2 95
2 94
2 93
END_STATE
END_LABELED_STATE
BEGIN_LABELED_STATE
4
BEGIN_STATE
0 27
0 57
0 65
0 35
0 58
0 73
0 43
0 50
0 72
0 70
0 62
0 78
0 79
0 15
0 16
0 24
0 38
0 41
0 63
0 30
0 46
0 48
0 47
0 31
0 32
1 93 23
0 39
1 94 71
0 40
0 42
1 95 55
1 96 34
1 4 26
2 95
2 94
2 93
END_STATE
END_LABELED_STATE
BEGIN_LABELED_STATE
3
BEGIN_STATE
0 27
0 57
0 65
0 35
0 26
0 58
0 73
0 43
0 50
0 72
0 70
0 62
0 78
0 79
0 15
0 16
0 24
0 38
0 41
0 63
0 30
0 46
0 48
0 47
0 31
0 32
1 93 23
0 39
1 94 71
0 40
1 95 55
1 96 42
1 4 34
2 95
2 94
2 93
END_STATE
END_LABELED_STATE
BEGIN_LABELED_STATE
2
BEGIN_STATE
0 27
0 57
0 65
0 26
0 58
0 73
0 43
0 50
0 34
0 72
0 70
0 62
0 78
0 79
0 15
0 16
0 24
0 38
0 41
0 63
0 30
0 46
0 48
0 47
0 31
0 32
1 93 23
0 39
1 94 71
0 40
1 95 55
1 96 42
1 4 35
2 95
2 94
2 93
END_STATE
END_LABELED_STATE
BEGIN_LABELED_STATE
1
BEGIN_STATE
0 27
0 57
0 65
0 35
0 26
0 58
0 73
0 50
0 34
0 72
0 70
0 62
0 78
0 79
0 15
0 16
0 24
0 38
0 41
0 63
0 30
0 46
0 48
0 47
0 31
0 32
1 93 23
0 39
1 94 71
0 40
1 95 55
1 96 42
1 4 43
2 95
2 94
2 93
END_STATE
END_LABELED_STATE
BEGIN_LABELED_STATE
0
BEGIN_STATE
0 27
0 57
0 65
0 35
0 26
0 58
0 73
0 43
0 50
0 34
0 72
0 70
0 62
0 78
0 79
0 15
0 16
0 24
0 38
0 63
0 30
0 46
0 48
0 47
0 31
0 32
1 93 23
0 39
1 94 71
0 40
1 95 55
1 96 41
1 4 42
2 96
2 95
2 94
2 93
END_STATE
END_LABELED_STATE
BEGIN_LABELED_STATE
0
BEGIN_STATE
0 57
0 65
0 26
0 73
0 43
0 34
0 62
0 15
0 24
0 38
0 41
0 63
0 71
0 55
0 30
0 46
0 47
0 31
1 93 23
0 39
1 94 72
0 40
1 95 34
1 96 70
1 4 62
2 96
2 95
2 94
2 93
END_STATE
END_LABELED_STATE
BEGIN_LABELED_STATE
0
BEGIN_STATE
0 27
0 57
0 65
0 73
0 43
0 50
0 34
0 72
0 70
0 78
0 16
0 24
0 38
0 41
0 71
0 30
0 48
0 31
0 32
1 93 73
0 39
1 94 55
0 40
0 42
1 95 40
1 96 79
1 4 42
2 96
2 95
2 94
2 93
END_STATE
END_LABELED_STATE
BEGIN_LABELED_STATE
0
BEGIN_STATE
0 65
0 73
0 50
0 34
0 62
0 79
0 15
0 24
0 38
0 41
0 63
0 30
0 46
0 47
1 93 73
1 94 32
1 95 63
1 96 50
1 4 35
2 96
2 95
2 94
2 93
END_STATE
END_LABELED_STATE
BEGIN_LABELED_STATE
0
BEGIN_STATE
0 27
0 35
0 26
0 50
0 34
0 70
0 62
0 79
0 23
0 24
0 41
0 63
0 71
0 55
0 30
1 93 73
1 94 78
0 42
1 95 42
1 96 79
1 4 46
2 96
2 95
2 94
2 93
END_STATE
END_LABELED_STATE
BEGIN_LABELED_STATE
0
BEGIN_STATE
0 27
0 65
0 73
0 43
0 72
0 70
0 15
0 16
0 24
0 63
0 30
0 46
0 47
0 31
0 32
1 93 62
1 94 58
0 42
1 95 32
1 96 62
1 4 42
2 96
2 95
2 94
2 93
END_STATE
END_LABELED_STATE
BEGIN_LABELED_STATE
7
BEGIN_STATE
0 27
0 65
0 35
0 73
0 50
0 34
0 72
0 62
0 78
0 79
0 16
0 23
0 24
0 41
0 71
0 48
0 47
0 31
0 32
1 93 32
0 39
1 94 78
0 40
0 42
1 95 31
1 96 62
1 4 27
2 96
2 94
2 93
END_STATE
END_LABELED_STATE
BEGIN_LABELED_STATE
6
BEGIN_STATE
0 27
0 65
0 73
0 50
0 34
0 72
0 62
0 78
0 79
0 16
0 23
0 24
0 41
0 71
0 48
0 47
0 31
0 32
1 93 32
0 39
1 94 78
0 40
0 42
1 95 31
1 96 62
1 4 35
2 96
2 94
2 93
END_STATE
END_LABELED_STATE
BEGIN_LABELED_STATE
5
BEGIN_STATE
0 27
0 65
0 35
0 73
0 50
0 72
0 62
0 78
0 79
0 16
0 23
0 24
0 41
0 71
0 48
0 47
0 31
0 32
1 93 32
0 39
1 94 78
0 40
0 42
1 95 31
1 96 62
1 4 34
2 96
2 94
2 93
END_STATE
END_LABELED_STATE
BEGIN_LABELED_STATE
4
BEGIN_STATE
0 27
0 65
0 35
0 73
0 50
0 34
0 72
0 62
0 78
0 79
0 16
0 23
0 24
0 41
0 71
0 48
0 47
0 31
0 32
1 93 32
0 39
1 94 78
0 40
1 95 31
1 96 62
1 4 42
2 96
2 94
2 93
END_STATE
END_LABELED_STATE
BEGIN_LABELED_STATE
3
BEGIN_STATE
0 27
0 65
0 35
0 73
0 50
0 34
0 72
0 62
0 78
0 79
0 16
0 23
0 24
0 71
0 48
0 47
0 31
0 32
1 93 32
0 39
1 94 78
0 40
0 42
1 95 31
1 96 62
1 4 41
2 96
2 94
2 93
END_STATE
END_LABELED_STATE
BEGIN_LABELED_STATE
2
BEGIN_STATE
0 27
0 65
0 35
0 73
0 50
0 34
0 72
0 62
0 78
0 79
0 16
0 23
0 24
0 41
0 71
0 48
0 47
0 31
0 32
1 93 32
0 39
1 94 78
0 42
1 95 31
1 96 62
1 4 40
2 96
2 94
2 93
END_STATE
END_LABELED_STATE
BEGIN_LABELED_STATE
1
BEGIN_STATE
0 27
0 65
0 35
0 73
0 50
0 34
0 72
0 62
0 78
0 79
0 16
0 23
0 24
0 41
0 71
0 48
0 47
0 31
0 32
1 93 32
1 94 78
0 40
0 42
1 95 31
1 96 62
1 4 39
2 96
2 94
2 93
END_STATE
END_LABELED_STATE
BEGIN_LABELED_STATE
0
BEGIN_STATE
0 27
0 65
0 35
0 73
0 50
0 34
0 72
0 62
0 78
0 79
0 16
0 24
0 41
0 71
0 48
0 47
0 31
0 32
1 93 32
0 39
1 94 78
0 40
0 42
1 95 23
1 96 62
1 4 31
2 96
2 95
2 94
2 93
END_STATE
END_LABELED_STATE
END_STATE_LIST
