BEGIN_TYPES
0 -1 object
1 0 thing
2 0 location
3 0 direction
4 1 player
5 1 stone
END_TYPES
BEGIN_OBJECTS
0 3 dir-down
1 3 dir-left
2 3 dir-right
3 3 dir-up
4 4 player-01
5 2 pos-01-01
6 2 pos-01-02
7 2 pos-01-03
8 2 pos-01-04
9 2 pos-01-05
10 2 pos-01-06
11 2 pos-01-07
12 2 pos-01-08
13 2 pos-01-09
14 2 pos-02-01
15 2 pos-02-02
16 2 pos-02-03
17 2 pos-02-04
18 2 pos-02-05
19 2 pos-02-06
20 2 pos-02-07
21 2 pos-02-08
22 2 pos-02-09
23 2 pos-03-01
24 2 pos-03-02
25 2 pos-03-03
26 2 pos-03-04
27 2 pos-03-05
28 2 pos-03-06
29 2 pos-03-07
30 2 pos-03-08
31 2 pos-03-09
32 2 pos-04-01
33 2 pos-04-02
34 2 pos-04-03
35 2 pos-04-04
36 2 pos-04-05
37 2 pos-04-06
38 2 pos-04-07
39 2 pos-04-08
40 2 pos-04-09
41 2 pos-05-01
42 2 pos-05-02
43 2 pos-05-03
44 2 pos-05-04
45 2 pos-05-05
46 2 pos-05-06
47 2 pos-05-07
48 2 pos-05-08
49 2 pos-05-09
50 2 pos-06-01
51 2 pos-06-02
52 2 pos-06-03
53 2 pos-06-04
54 2 pos-06-05
55 2 pos-06-06
56 2 pos-06-07
57 2 pos-06-08
58 2 pos-06-09
59 2 pos-07-01
60 2 pos-07-02
61 2 pos-07-03
62 2 pos-07-04
63 2 pos-07-05
64 2 pos-07-06
65 2 pos-07-07
66 2 pos-07-08
67 2 pos-07-09
68 2 pos-08-01
69 2 pos-08-02
70 2 pos-08-03
71 2 pos-08-04
72 2 pos-08-05
73 2 pos-08-06
74 2 pos-08-07
75 2 pos-08-08
76 2 pos-08-09
77 2 pos-09-01
78 2 pos-09-02
79 2 pos-09-03
80 2 pos-09-04
81 2 pos-09-05
82 2 pos-09-06
83 2 pos-09-07
84 2 pos-09-08
85 2 pos-09-09
86 2 pos-10-01
87 2 pos-10-02
88 2 pos-10-03
89 2 pos-10-04
90 2 pos-10-05
91 2 pos-10-06
92 2 pos-10-07
93 2 pos-10-08
94 2 pos-10-09
95 2 pos-11-01
96 2 pos-11-02
97 2 pos-11-03
98 2 pos-11-04
99 2 pos-11-05
100 2 pos-11-06
101 2 pos-11-07
102 2 pos-11-08
103 2 pos-11-09
104 2 pos-12-01
105 2 pos-12-02
106 2 pos-12-03
107 2 pos-12-04
108 2 pos-12-05
109 2 pos-12-06
110 2 pos-12-07
111 2 pos-12-08
112 2 pos-12-09
113 2 pos-13-01
114 2 pos-13-02
115 2 pos-13-03
116 2 pos-13-04
117 2 pos-13-05
118 2 pos-13-06
119 2 pos-13-07
120 2 pos-13-08
121 2 pos-13-09
122 2 pos-14-01
123 2 pos-14-02
124 2 pos-14-03
125 2 pos-14-04
126 2 pos-14-05
127 2 pos-14-06
128 2 pos-14-07
129 2 pos-14-08
130 2 pos-14-09
131 2 pos-15-01
132 2 pos-15-02
133 2 pos-15-03
134 2 pos-15-04
135 2 pos-15-05
136 2 pos-15-06
137 2 pos-15-07
138 2 pos-15-08
139 2 pos-15-09
140 5 stone-01
141 5 stone-02
142 5 stone-03
143 5 stone-04
END_OBJECTS
BEGIN_PREDICATES
0 2 clear
1 1 2 at
2 5 at-goal
3 2 is-goal
4 2 is-nongoal
5 2 2 3 move-dir
END_PREDICATES
BEGIN_GOAL
2 140
2 141
2 142
2 143
END_GOAL
BEGIN_ACTIONS
END_ACTIONS
BEGIN_STATIC_FACTS
5 17 16 3
5 93 92 3
5 117 116 3
4 65
4 87
5 87 78 1
5 131 122 1
4 100
5 73 82 2
4 9
4 5
5 35 36 0
4 128
4 66
4 42
4 40
4 126
5 18 27 2
5 90 99 2
4 37
4 134
4 14
4 73
5 113 122 2
4 139
5 36 35 3
5 124 133 2
5 102 93 1
5 127 128 0
5 19 18 3
4 130
5 114 123 2
5 87 96 2
4 67
4 86
4 35
4 88
4 41
5 35 26 1
4 27
4 7
4 93
3 120
5 71 70 3
5 24 33 2
4 115
5 83 92 2
4 90
4 64
0 131
4 109
4 23
4 11
5 110 111 0
5 17 26 2
4 98
5 51 42 1
5 126 127 0
4 110
5 134 133 3
4 48
4 26
0 124
4 20
4 43
5 16 15 3
5 64 73 2
4 6
5 53 54 0
4 111
4 107
4 33
5 132 131 3
4 46
0 133
5 52 53 0
5 27 26 3
5 27 18 1
5 30 39 2
5 18 17 3
5 27 36 2
4 59
4 114
5 55 64 2
5 30 21 1
0 122
4 76
5 80 71 1
5 97 106 2
5 128 127 3
5 69 78 2
4 113
5 57 66 2
5 127 126 3
4 70
0 132
5 46 37 1
4 127
4 78
5 64 55 1
4 28
4 92
4 56
4 101
0 123
4 91
5 26 35 2
5 117 126 2
5 93 84 1
4 17
4 13
4 108
5 80 89 2
5 123 122 3
4 51
5 113 104 1
4 121
5 111 102 1
4 99
4 71
5 53 52 3
5 15 24 2
5 111 120 2
4 104
4 103
4 119
5 42 51 2
4 118
5 84 93 2
5 39 38 3
5 37 46 2
5 106 107 0
4 57
5 75 84 2
4 74
5 109 100 1
4 75
4 31
4 63
5 116 117 0
5 69 70 0
5 123 114 1
5 62 53 1
4 106
5 128 129 0
4 61
5 43 52 2
4 34
5 42 33 1
4 129
5 36 27 1
4 54
5 82 73 1
5 109 110 0
5 71 80 2
5 37 36 3
5 38 39 0
5 33 42 2
5 126 117 1
4 82
5 48 39 1
5 113 114 0
5 53 62 2
5 21 30 2
5 90 89 3
5 107 106 3
5 46 55 2
5 48 57 2
5 38 37 3
4 10
5 52 51 3
5 123 124 0
5 96 97 0
4 96
5 122 131 2
4 81
5 37 38 0
5 33 24 1
4 29
5 123 132 2
5 36 37 0
5 54 53 3
4 136
5 107 116 2
4 45
4 47
0 134
4 80
4 25
4 112
4 62
5 54 55 0
4 131
4 84
5 96 87 1
4 55
4 68
5 100 109 2
5 20 19 3
5 83 82 3
5 26 17 1
5 93 102 2
5 66 75 2
5 43 42 3
4 60
4 124
3 16
5 111 110 3
4 97
5 133 132 3
5 92 93 0
5 71 62 1
5 131 132 0
5 104 113 2
4 133
5 82 83 0
5 120 111 1
5 20 21 0
5 78 69 1
3 102
4 83
4 122
5 133 134 0
5 120 129 2
5 15 16 0
5 84 83 3
5 78 87 2
4 132
5 73 64 1
4 79
4 77
5 83 84 0
4 123
4 85
4 116
5 99 100 0
5 116 107 1
4 53
5 84 75 1
4 36
4 135
0 59
5 42 43 0
0 114
4 52
5 89 80 1
4 15
3 21
4 138
4 125
4 30
5 24 15 1
5 122 113 1
0 113
5 70 69 3
5 62 71 2
5 21 20 3
5 110 109 3
5 132 133 0
4 58
4 24
4 137
5 133 124 1
5 26 27 0
5 39 30 1
5 51 52 0
5 97 96 3
5 100 99 3
4 44
4 12
5 92 83 1
5 66 57 1
5 75 66 1
4 39
5 99 90 1
4 94
5 70 71 0
4 89
5 124 123 3
4 49
4 72
4 38
5 89 90 0
5 129 128 3
5 114 113 3
4 117
4 32
0 104
5 57 48 1
5 106 97 1
5 17 18 0
5 132 123 1
5 18 19 0
4 8
4 105
4 69
5 102 111 2
5 19 20 0
4 50
5 39 48 2
5 129 120 1
4 18
5 55 46 1
4 19
4 22
4 95
5 52 43 1
5 16 17 0
5 55 54 3
5 122 123 0
END_STATIC_FACTS
BEGIN_STATE_LIST
BEGIN_LABELED_STATE
2
BEGIN_STATE
0 43
0 70
0 78
0 96
0 97
0 107
0 116
0 128
0 109
0 90
0 83
0 26
0 15
0 89
0 51
0 73
0 62
0 20
0 36
0 64
0 19
1 141 19
0 17
0 71
0 129
0 30
0 21
0 102
0 111
0 66
1 142 111
0 93
1 143 84
0 39
1 4 75
1 140 70
2 142
2 141
2 140
END_STATE
END_LABELED_STATE
BEGIN_LABELED_STATE
1
BEGIN_STATE
0 43
0 70
0 78
0 96
0 97
0 107
0 116
0 128
0 109
0 90
0 83
0 26
0 15
0 89
0 51
0 73
0 62
0 20
0 36
0 64
0 19
1 141 19
0 17
0 71
0 129
0 30
0 21
0 102
0 111
0 66
1 142 111
0 75
1 143 93
0 39
1 4 84
1 140 70
2 142
2 141
2 140
END_STATE
END_LABELED_STATE
BEGIN_LABELED_STATE
0
BEGIN_STATE
0 43
0 70
0 78
0 96
0 97
0 107
0 116
0 128
0 109
0 90
0 83
0 26
0 15
0 89
0 51
0 73
0 62
0 20
0 36
0 64
0 19
1 141 19
0 17
0 71
0 129
0 30
0 21
0 111
0 66
1 142 111
0 84
0 75
1 143 102
0 39
1 4 93
1 140 70
2 143
2 142
2 141
2 140
END_STATE
END_LABELED_STATE
BEGIN_LABELED_STATE
0
BEGIN_STATE
0 33
0 43
0 70
0 96
0 126
0 127
0 100
0 99
0 90
0 83
0 26
0 89
0 51
0 82
0 35
0 80
0 20
0 38
0 46
0 36
0 52
0 64
1 141 15
0 18
0 37
0 120
0 30
0 21
0 102
0 111
1 142 66
0 84
0 93
1 143 30
0 57
0 39
1 4 38
1 140 39
2 143
2 142
2 141
2 140
END_STATE
END_LABELED_STATE
BEGIN_LABELED_STATE
1
BEGIN_STATE
0 33
0 24
0 43
0 70
0 96
0 116
0 126
0 127
0 128
0 100
0 99
0 83
0 26
0 69
0 15
0 51
0 35
0 16
0 80
0 20
0 64
0 19
1 141 17
0 18
0 71
0 55
0 120
0 30
0 21
0 48
1 142 21
0 93
1 143 30
0 57
0 39
1 4 39
1 140 46
2 142
2 141
2 140
END_STATE
END_LABELED_STATE
BEGIN_LABELED_STATE
0
BEGIN_STATE
0 33
0 24
0 43
0 70
0 96
0 116
0 126
0 127
0 128
0 100
0 99
0 83
0 26
0 69
0 15
0 51
0 35
0 16
0 80
0 20
0 64
0 19
1 141 17
0 18
0 71
0 55
0 120
0 30
0 48
1 142 21
0 93
1 143 21
0 57
0 39
1 4 30
1 140 46
2 143
2 142
2 141
2 140
END_STATE
END_LABELED_STATE
BEGIN_LABELED_STATE
0
BEGIN_STATE
0 33
0 24
0 43
0 70
0 78
0 97
0 126
0 127
0 128
0 92
0 110
0 109
0 42
0 15
0 89
0 82
0 35
0 80
0 73
0 54
0 36
1 141 18
0 71
0 53
0 102
0 48
0 111
0 66
1 142 129
0 93
1 143 129
0 57
1 4 35
1 140 51
2 143
2 142
2 141
2 140
END_STATE
END_LABELED_STATE
BEGIN_LABELED_STATE
0
BEGIN_STATE
0 33
0 24
0 107
0 116
0 117
0 109
0 100
0 90
0 83
0 27
0 26
0 15
0 51
0 82
0 80
0 62
0 20
0 38
0 52
0 19
1 141 19
0 17
0 18
0 71
0 53
0 37
0 129
0 30
0 102
0 111
1 142 39
0 84
1 143 30
0 39
1 4 69
1 140 89
2 143
2 142
2 141
2 140
END_STATE
END_LABELED_STATE
BEGIN_LABELED_STATE
0
BEGIN_STATE
0 33
0 87
0 96
0 97
0 107
0 117
0 126
0 127
0 128
0 100
0 99
0 90
0 42
0 83
0 89
0 51
0 46
0 54
0 36
0 52
1 141 17
0 17
0 18
0 53
0 37
0 30
0 21
0 111
0 66
1 142 93
0 75
1 143 30
0 57
0 39
1 4 48
1 140 36
2 143
2 142
2 141
2 140
END_STATE
END_LABELED_STATE
BEGIN_LABELED_STATE
0
BEGIN_STATE
0 70
0 96
0 106
0 107
0 117
0 127
0 128
0 92
0 109
0 83
0 26
0 69
0 89
0 51
0 73
0 62
0 20
0 36
0 19
1 141 17
0 17
0 18
0 129
0 120
0 30
0 21
0 111
0 66
1 142 57
0 93
1 143 21
0 57
0 39
1 4 33
1 140 35
2 143
2 142
2 141
2 140
END_STATE
END_LABELED_STATE
BEGIN_LABELED_STATE
0
BEGIN_STATE
0 43
0 70
0 78
0 87
0 107
0 117
0 126
0 42
0 83
0 15
0 89
0 82
0 80
0 73
0 20
0 64
0 19
1 141 20
0 18
0 53
0 55
0 129
0 120
0 30
0 21
0 102
0 111
0 66
1 142 75
0 84
0 75
1 143 84
1 4 102
1 140 54
2 143
2 142
2 141
2 140
END_STATE
END_LABELED_STATE
BEGIN_LABELED_STATE
0
BEGIN_STATE
0 33
0 24
0 43
0 70
0 78
0 87
0 106
0 116
0 117
0 127
0 92
0 109
0 100
0 42
0 83
0 27
0 26
0 51
0 82
0 35
0 62
0 20
0 46
0 54
0 64
0 19
1 141 15
0 53
0 129
0 120
0 30
0 21
0 111
0 66
1 142 75
1 143 39
0 57
0 39
1 4 30
1 140 66
2 143
2 142
2 141
2 140
END_STATE
END_LABELED_STATE
BEGIN_LABELED_STATE
0
BEGIN_STATE
0 33
0 70
0 87
0 116
0 117
0 126
0 127
0 128
0 99
0 90
0 42
0 26
0 15
0 89
0 51
0 16
0 80
0 62
0 20
0 38
0 46
0 54
0 64
1 141 18
0 17
0 71
0 55
0 129
0 102
0 111
0 66
1 142 75
0 84
1 143 75
0 57
1 4 111
1 140 70
2 143
2 142
2 141
2 140
END_STATE
END_LABELED_STATE
BEGIN_LABELED_STATE
0
BEGIN_STATE
0 43
0 78
0 97
0 117
0 127
0 110
0 100
0 27
0 15
0 82
0 35
0 16
0 80
0 73
0 38
0 64
0 19
1 141 19
0 18
0 71
0 37
0 129
0 120
0 30
0 21
0 48
0 111
1 142 21
0 93
1 143 39
0 39
1 4 93
1 140 54
2 143
2 142
2 141
2 140
END_STATE
END_LABELED_STATE
BEGIN_LABELED_STATE
0
BEGIN_STATE
0 33
0 70
0 78
0 96
0 97
0 116
0 127
0 92
0 110
0 109
0 99
0 83
0 27
0 15
0 82
0 35
0 16
0 62
0 20
0 38
0 54
1 141 17
0 17
0 18
0 71
0 55
0 129
0 120
0 21
0 48
0 111
0 66
1 142 120
0 84
0 75
1 143 39
0 57
1 4 75
1 140 73
2 143
2 142
2 141
2 140
END_STATE
END_LABELED_STATE
BEGIN_LABELED_STATE
0
BEGIN_STATE
0 33
0 106
0 107
0 116
0 126
0 128
0 92
0 110
0 100
0 99
0 42
0 27
0 26
0 89
0 82
0 35
0 16
0 73
0 38
0 54
0 36
0 52
0 19
1 141 20
0 18
0 71
0 53
0 129
0 120
1 142 120
0 84
1 143 48
0 57
0 39
1 4 117
1 140 70
2 143
2 142
2 141
2 140
END_STATE
END_LABELED_STATE
BEGIN_LABELED_STATE
6
BEGIN_STATE
0 24
0 43
0 70
0 78
0 96
0 97
0 106
0 107
0 116
0 126
0 127
0 128
0 92
0 110
0 109
0 90
0 42
0 83
0 27
0 26
0 69
0 89
0 35
0 80
0 73
0 46
0 52
0 64
0 19
1 141 15
0 18
0 53
0 37
0 129
0 30
0 102
0 111
1 142 111
0 75
1 143 39
0 57
1 4 117
1 140 120
2 143
2 142
2 141
END_STATE
END_LABELED_STATE
BEGIN_LABELED_STATE
5
BEGIN_STATE
0 24
0 43
0 70
0 78
0 96
0 97
0 106
0 107
0 116
0 117
0 127
0 128
0 92
0 110
0 109
0 90
0 42
0 83
0 27
0 26
0 69
0 89
0 35
0 80
0 73
0 46
0 52
0 64
0 19
1 141 15
0 18
0 53
0 37
0 129
0 30
0 102
0 111
1 142 111
0 75
1 143 39
0 57
1 4 126
1 140 120
2 143
2 142
2 141
END_STATE
END_LABELED_STATE
BEGIN_LABELED_STATE
4
BEGIN_STATE
0 24
0 43
0 70
0 78
0 96
0 97
0 106
0 107
0 116
0 117
0 126
0 128
0 92
0 110
0 109
0 90
0 42
0 83
0 27
0 26
0 69
0 89
0 35
0 80
0 73
0 46
0 52
0 64
0 19
1 141 15
0 18
0 53
0 37
0 129
0 30
0 102
0 111
1 142 111
0 75
1 143 39
0 57
1 4 127
1 140 120
2 143
2 142
2 141
END_STATE
END_LABELED_STATE
BEGIN_LABELED_STATE
3
BEGIN_STATE
0 24
0 43
0 70
0 78
0 96
0 97
0 106
0 107
0 116
0 117
0 126
0 127
0 92
0 110
0 109
0 90
0 42
0 83
0 27
0 26
0 69
0 89
0 35
0 80
0 73
0 46
0 52
0 64
0 19
1 141 15
0 18
0 53
0 37
0 129
0 30
0 102
0 111
1 142 111
0 75
1 143 39
0 57
1 4 128
1 140 120
2 143
2 142
2 141
END_STATE
END_LABELED_STATE
BEGIN_LABELED_STATE
2
BEGIN_STATE
0 24
0 43
0 70
0 78
0 96
0 97
0 106
0 107
0 116
0 117
0 126
0 127
0 128
0 92
0 110
0 109
0 90
0 42
0 83
0 27
0 26
0 69
0 89
0 35
0 80
0 73
0 46
0 52
0 64
0 19
1 141 15
0 18
0 53
0 37
0 30
0 102
0 111
1 142 111
0 75
1 143 39
0 57
1 4 129
1 140 120
2 143
2 142
2 141
END_STATE
END_LABELED_STATE
BEGIN_LABELED_STATE
1
BEGIN_STATE
0 24
0 43
0 70
0 78
0 96
0 97
0 106
0 107
0 116
0 117
0 126
0 127
0 128
0 92
0 110
0 109
0 90
0 42
0 83
0 27
0 26
0 69
0 89
0 35
0 80
0 73
0 46
0 52
0 64
0 19
1 141 15
0 18
0 53
0 37
0 129
0 30
0 102
1 142 111
0 75
1 143 39
0 57
1 4 120
1 140 111
2 143
2 142
2 141
END_STATE
END_LABELED_STATE
BEGIN_LABELED_STATE
0
BEGIN_STATE
0 24
0 43
0 70
0 78
0 96
0 97
0 106
0 107
0 116
0 117
0 126
0 127
0 128
0 92
0 110
0 109
0 90
0 42
0 83
0 27
0 26
0 69
0 89
0 35
0 80
0 73
0 46
0 52
0 64
0 19
1 141 15
0 18
0 53
0 37
0 129
0 120
0 30
1 142 111
0 75
1 143 39
0 57
1 4 111
1 140 102
2 143
2 142
2 141
2 140
END_STATE
END_LABELED_STATE
BEGIN_LABELED_STATE
0
BEGIN_STATE
0 33
0 24
0 43
0 96
0 107
0 116
0 117
0 126
0 127
0 92
0 109
0 99
0 90
0 42
0 83
0 69
0 15
0 35
0 80
0 38
0 46
0 54
1 141 15
0 18
0 71
0 55
0 129
0 120
0 21
0 111
0 66
1 142 120
0 84
1 143 102
1 4 128
1 140 82
2 143
2 142
2 141
2 140
END_STATE
END_LABELED_STATE
BEGIN_LABELED_STATE
0
BEGIN_STATE
0 24
0 70
0 78
0 87
0 96
0 117
0 128
0 110
0 100
0 90
0 27
0 26
0 16
0 80
0 73
0 46
0 36
0 52
0 64
0 19
1 141 19
0 17
0 18
0 71
0 129
0 102
0 66
1 142 93
0 84
0 93
0 75
1 143 48
0 39
1 4 96
1 140 48
2 143
2 142
2 141
2 140
END_STATE
END_LABELED_STATE
BEGIN_LABELED_STATE
0
BEGIN_STATE
0 33
0 24
0 78
0 116
0 126
0 127
0 128
0 110
0 109
0 100
0 99
0 27
0 69
0 15
0 82
0 35
0 16
0 73
0 62
0 20
0 52
0 64
0 19
1 141 17
0 120
0 102
0 48
0 111
0 66
1 142 84
0 84
1 143 48
0 57
0 39
1 4 93
1 140 84
2 143
2 142
2 141
2 140
END_STATE
END_LABELED_STATE
BEGIN_LABELED_STATE
1
BEGIN_STATE
0 43
0 70
0 96
0 97
0 116
0 126
0 127
0 128
0 109
0 100
0 27
0 26
0 51
0 80
0 73
0 62
0 20
0 46
0 54
1 141 20
0 17
0 53
0 129
0 30
0 21
0 111
0 66
1 142 30
0 84
0 93
0 75
1 143 102
0 57
1 4 39
1 140 80
2 143
2 141
2 140
END_STATE
END_LABELED_STATE
BEGIN_LABELED_STATE
0
BEGIN_STATE
0 43
0 70
0 96
0 97
0 116
0 126
0 127
0 128
0 109
0 100
0 27
0 26
0 51
0 80
0 73
0 62
0 20
0 46
0 54
1 141 20
0 17
0 53
0 129
0 30
0 111
0 66
1 142 21
0 84
0 93
0 75
1 143 102
0 57
0 39
1 4 30
1 140 80
2 143
2 142
2 141
2 140
END_STATE
END_LABELED_STATE
BEGIN_LABELED_STATE
0
BEGIN_STATE
0 24
0 43
0 70
0 78
0 96
0 97
0 106
0 127
0 92
0 109
0 99
0 42
0 83
0 27
0 26
0 15
0 51
0 82
0 35
0 80
0 62
0 38
0 46
0 36
0 64
0 19
1 141 20
0 18
0 71
0 37
0 120
0 102
0 48
0 111
0 66
1 142 84
0 75
1 143 30
0 39
1 4 21
1 140 21
2 143
2 142
2 141
2 140
END_STATE
END_LABELED_STATE
BEGIN_LABELED_STATE
0
BEGIN_STATE
0 70
0 87
0 117
0 127
0 128
0 92
0 100
0 83
0 35
0 16
0 80
0 73
0 62
0 38
0 46
0 54
0 36
0 52
0 19
1 141 16
0 17
0 18
0 71
0 53
0 120
0 30
0 48
0 111
0 66
1 142 102
0 93
0 75
1 143 21
0 39
1 4 52
1 140 82
2 143
2 142
2 141
2 140
END_STATE
END_LABELED_STATE
BEGIN_LABELED_STATE
0
BEGIN_STATE
0 24
0 78
0 97
0 107
0 117
0 127
0 128
0 92
0 109
0 100
0 99
0 42
0 83
0 27
0 26
0 89
0 51
0 82
0 35
0 73
0 38
0 46
0 54
0 36
1 141 18
0 17
0 18
0 53
0 55
0 129
0 111
1 142 30
0 84
0 93
0 75
1 143 48
0 57
1 4 69
1 140 64
2 143
2 142
2 141
2 140
END_STATE
END_LABELED_STATE
BEGIN_LABELED_STATE
0
BEGIN_STATE
0 78
0 96
0 97
0 106
0 107
0 117
0 128
0 92
0 109
0 99
0 26
0 15
0 51
0 80
0 73
0 46
0 54
0 36
0 64
1 141 16
0 17
0 53
0 129
0 30
0 102
0 111
1 142 111
0 84
0 93
0 75
1 143 111
1 4 57
1 140 62
2 143
2 142
2 141
2 140
END_STATE
END_LABELED_STATE
BEGIN_LABELED_STATE
0
BEGIN_STATE
0 33
0 43
0 70
0 106
0 107
0 116
0 126
0 127
0 128
0 110
0 109
0 83
0 27
0 69
0 15
0 89
0 51
0 16
0 73
0 20
0 38
0 46
0 54
0 52
0 19
1 141 21
0 18
0 53
0 37
0 120
0 30
0 21
1 142 48
0 93
0 75
1 143 57
0 57
1 4 51
1 140 80
2 143
2 142
2 141
2 140
END_STATE
END_LABELED_STATE
BEGIN_LABELED_STATE
0
BEGIN_STATE
0 24
0 78
0 87
0 96
0 97
0 106
0 107
0 116
0 117
0 126
0 92
0 110
0 109
0 100
0 90
0 42
0 27
0 26
0 69
0 15
0 89
0 82
0 80
0 62
0 46
0 54
0 52
0 19
1 141 16
0 18
0 71
0 53
0 55
0 129
0 120
0 30
0 21
0 102
0 48
0 111
0 66
1 142 30
0 75
1 143 57
1 4 89
1 140 62
2 143
2 142
2 141
2 140
END_STATE
END_LABELED_STATE
BEGIN_LABELED_STATE
0
BEGIN_STATE
0 70
0 78
0 87
0 96
0 107
0 117
0 128
0 92
0 110
0 100
0 99
0 27
0 26
0 69
0 89
0 51
0 82
0 35
0 62
0 20
0 38
0 46
0 54
0 36
0 52
0 64
1 141 16
0 17
0 53
0 37
0 48
0 111
0 66
1 142 39
0 93
1 143 48
1 4 36
1 140 70
2 143
2 142
2 141
2 140
END_STATE
END_LABELED_STATE
BEGIN_LABELED_STATE
0
BEGIN_STATE
0 78
0 87
0 106
0 107
0 126
0 127
0 109
0 99
0 42
0 83
0 26
0 15
0 89
0 82
0 16
0 73
0 38
0 36
0 52
0 64
1 141 17
0 55
0 102
0 111
0 66
1 142 48
0 93
1 143 39
1 4 43
1 140 111
2 143
2 142
2 141
2 140
END_STATE
END_LABELED_STATE
BEGIN_LABELED_STATE
0
BEGIN_STATE
0 33
0 24
0 43
0 70
0 87
0 97
0 128
0 99
0 42
0 83
0 26
0 69
0 51
0 35
0 16
0 80
0 73
0 62
0 46
0 54
0 36
0 52
0 64
0 19
1 141 19
0 18
0 53
0 37
0 129
0 30
0 48
1 142 75
0 93
1 143 75
0 57
0 39
1 4 80
1 140 62
2 143
2 142
2 141
2 140
END_STATE
END_LABELED_STATE
BEGIN_LABELED_STATE
0
BEGIN_STATE
0 33
0 24
0 70
0 96
0 106
0 107
0 116
0 117
0 126
0 127
0 128
0 92
0 110
0 100
0 42
0 27
0 26
0 89
0 51
0 35
0 16
0 80
0 20
0 38
0 46
0 19
1 141 16
0 17
0 18
0 71
0 53
0 37
0 129
0 30
0 48
0 111
1 142 57
0 84
0 93
0 75
1 143 75
0 39
1 4 109
1 140 69
2 143
2 142
2 141
2 140
END_STATE
END_LABELED_STATE
BEGIN_LABELED_STATE
0
BEGIN_STATE
0 24
0 43
0 96
0 97
0 107
0 116
0 117
0 127
0 109
0 100
0 90
0 42
0 27
0 26
0 15
0 51
0 35
0 16
0 73
0 38
0 46
0 36
0 52
0 64
1 141 18
0 18
0 71
0 53
0 37
0 129
0 66
1 142 75
0 84
0 93
0 75
1 143 30
0 57
1 4 90
1 140 80
2 143
2 142
2 141
2 140
END_STATE
END_LABELED_STATE
BEGIN_LABELED_STATE
0
BEGIN_STATE
0 24
0 70
0 78
0 87
0 96
0 97
0 116
0 126
0 127
0 128
0 92
0 109
0 99
0 83
0 27
0 26
0 69
0 82
0 62
0 20
0 38
0 54
0 52
0 64
0 19
1 141 19
0 71
0 53
0 37
0 120
0 30
0 102
0 48
0 111
0 66
1 142 102
0 93
0 75
1 143 120
0 57
1 4 64
1 140 120
2 143
2 142
2 141
2 140
END_STATE
END_LABELED_STATE
BEGIN_LABELED_STATE
0
BEGIN_STATE
0 33
0 24
0 70
0 78
0 87
0 96
0 106
0 116
0 126
0 92
0 110
0 109
0 99
0 42
0 83
0 51
0 82
0 73
0 20
0 46
0 36
0 19
1 141 15
0 18
0 53
0 37
0 129
0 120
0 48
0 66
1 142 48
0 84
0 75
1 143 102
0 39
1 4 110
1 140 69
2 143
2 142
2 141
2 140
END_STATE
END_LABELED_STATE
BEGIN_LABELED_STATE
0
BEGIN_STATE
0 33
0 70
0 78
0 87
0 117
0 126
0 127
0 109
0 99
0 90
0 15
0 82
0 35
0 16
0 80
0 73
0 54
0 52
1 141 21
0 71
0 129
0 102
0 48
0 111
1 142 93
1 143 120
0 57
0 39
1 4 99
1 140 111
2 143
2 142
2 141
2 140
END_STATE
END_LABELED_STATE
BEGIN_LABELED_STATE
0
BEGIN_STATE
0 24
0 43
0 70
0 87
0 97
0 107
0 116
0 127
0 92
0 110
0 109
0 100
0 83
0 26
0 69
0 82
0 35
0 16
0 80
0 54
0 36
0 52
0 64
0 19
1 141 19
0 17
0 71
0 37
0 129
0 21
0 102
0 111
0 66
1 142 102
0 84
1 143 39
0 39
1 4 127
1 140 84
2 143
2 142
2 141
2 140
END_STATE
END_LABELED_STATE
BEGIN_LABELED_STATE
1
BEGIN_STATE
0 33
0 70
0 87
0 96
0 106
0 116
0 117
0 128
0 92
0 109
0 42
0 27
0 69
0 35
0 16
0 20
0 38
0 36
0 64
0 19
1 141 16
0 17
0 71
0 37
0 129
0 120
0 30
0 48
0 111
0 66
1 142 48
0 84
0 93
0 75
1 143 84
0 57
0 39
1 4 102
1 140 111
2 143
2 142
2 141
END_STATE
END_LABELED_STATE
BEGIN_LABELED_STATE
0
BEGIN_STATE
0 33
0 70
0 87
0 96
0 106
0 116
0 117
0 128
0 92
0 109
0 42
0 27
0 69
0 35
0 16
0 20
0 38
0 36
0 64
0 19
1 141 16
0 17
0 71
0 37
0 129
0 30
0 102
0 48
0 111
0 66
1 142 48
0 84
0 93
0 75
1 143 84
0 57
0 39
1 4 111
1 140 120
2 143
2 142
2 141
2 140
END_STATE
END_LABELED_STATE
BEGIN_LABELED_STATE
0
BEGIN_STATE
0 24
0 96
0 107
0 128
0 92
0 100
0 42
0 27
0 69
0 89
0 51
0 35
0 20
0 38
0 46
0 54
0 36
0 19
1 141 19
0 71
0 55
0 129
0 102
0 111
0 66
1 142 57
0 84
0 93
0 75
1 143 21
1 4 30
1 140 48
2 143
2 142
2 141
2 140
END_STATE
END_LABELED_STATE
BEGIN_LABELED_STATE
0
BEGIN_STATE
0 24
0 43
0 78
0 87
0 96
0 97
0 117
0 126
0 128
0 92
0 99
0 42
0 83
0 26
0 69
0 15
0 82
0 35
0 62
0 38
0 46
0 52
1 141 16
0 17
0 71
0 55
0 21
0 102
0 48
0 111
1 142 111
0 84
0 93
0 75
1 143 30
1 4 51
1 140 51
2 143
2 142
2 141
2 140
END_STATE
END_LABELED_STATE
BEGIN_LABELED_STATE
0
BEGIN_STATE
0 33
0 24
0 43
0 70
0 96
0 97
0 117
0 126
0 127
0 128
0 92
0 100
0 99
0 90
0 42
0 83
0 27
0 69
0 15
0 89
0 51
0 35
0 16
0 20
0 46
0 36
0 52
0 64
0 19
1 141 19
0 37
0 129
0 30
0 21
0 111
1 142 84
0 93
1 143 129
1 4 117
1 140 36
2 143
2 142
2 141
2 140
END_STATE
END_LABELED_STATE
BEGIN_LABELED_STATE
0
BEGIN_STATE
0 43
0 70
0 87
0 96
0 97
0 107
0 127
0 128
0 110
0 109
0 100
0 90
0 83
0 27
0 69
0 89
0 51
0 35
0 80
0 62
0 54
0 52
1 141 19
0 53
0 55
0 120
0 30
1 142 102
0 93
0 75
1 143 66
1 4 26
1 140 46
2 143
2 142
2 141
2 140
END_STATE
END_LABELED_STATE
BEGIN_LABELED_STATE
0
BEGIN_STATE
0 33
0 70
0 78
0 87
0 96
0 97
0 107
0 117
0 128
0 100
0 42
0 51
0 35
0 54
0 52
0 64
0 19
1 141 15
0 71
0 53
0 37
0 129
0 21
0 102
0 48
0 111
1 142 21
0 75
1 143 57
0 57
1 4 100
1 140 46
2 143
2 142
2 141
2 140
END_STATE
END_LABELED_STATE
BEGIN_LABELED_STATE
0
BEGIN_STATE
0 33
0 24
0 78
0 96
0 117
0 99
0 42
0 83
0 69
0 15
0 89
0 82
0 16
0 80
0 73
0 54
0 64
0 19
1 141 15
0 17
0 71
0 37
0 129
0 120
0 21
0 102
0 111
1 142 21
0 84
1 143 57
0 57
0 39
1 4 107
1 140 69
2 143
2 142
2 141
2 140
END_STATE
END_LABELED_STATE
BEGIN_LABELED_STATE
0
BEGIN_STATE
0 33
0 24
0 43
0 70
0 78
0 96
0 106
0 107
0 116
0 117
0 126
0 92
0 110
0 100
0 99
0 42
0 27
0 69
0 89
0 82
0 35
0 80
0 73
0 62
0 20
0 54
0 64
1 141 20
0 55
0 129
0 120
0 30
0 102
0 66
1 142 48
0 93
1 143 66
0 57
0 39
1 4 100
1 140 36
2 143
2 142
2 141
2 140
END_STATE
END_LABELED_STATE
BEGIN_LABELED_STATE
0
BEGIN_STATE
0 33
0 43
0 70
0 96
0 107
0 116
0 117
0 127
0 109
0 100
0 99
0 83
0 26
0 15
0 89
0 51
0 82
0 16
0 62
0 46
0 52
0 64
0 19
1 141 15
0 53
0 120
0 30
0 21
0 48
1 142 129
1 143 102
0 57
1 4 27
1 140 46
2 143
2 142
2 141
2 140
END_STATE
END_LABELED_STATE
BEGIN_LABELED_STATE
0
BEGIN_STATE
0 33
0 24
0 43
0 70
0 78
0 87
0 96
0 97
0 126
0 127
0 109
0 100
0 42
0 27
0 26
0 69
0 15
0 89
0 51
0 82
0 62
0 20
0 46
0 36
0 19
1 141 21
0 17
0 53
0 55
0 37
0 120
1 142 129
1 143 120
0 57
1 4 38
1 140 111
2 143
2 142
2 141
2 140
END_STATE
END_LABELED_STATE
BEGIN_LABELED_STATE
0
BEGIN_STATE
0 33
0 70
0 107
0 126
0 127
0 92
0 110
0 109
0 100
0 26
0 69
0 82
0 35
0 16
0 80
0 62
0 38
0 46
0 54
0 52
0 64
0 19
1 141 18
0 17
0 55
0 129
0 21
0 66
1 142 30
0 93
0 75
1 143 84
0 57
1 4 38
1 140 52
2 143
2 142
2 141
2 140
END_STATE
END_LABELED_STATE
BEGIN_LABELED_STATE
0
BEGIN_STATE
0 33
0 24
0 43
0 70
0 78
0 116
0 117
0 126
0 128
0 92
0 83
0 27
0 26
0 69
0 15
0 89
0 82
0 62
0 20
0 46
0 19
1 141 20
0 17
0 71
0 53
0 55
0 37
0 129
0 120
0 111
0 66
1 142 84
0 84
0 93
1 143 66
1 4 33
1 140 52
2 143
2 142
2 141
2 140
END_STATE
END_LABELED_STATE
BEGIN_LABELED_STATE
0
BEGIN_STATE
0 70
0 97
0 116
0 92
0 90
0 42
0 27
0 26
0 69
0 89
0 51
0 82
0 35
0 16
0 80
0 20
0 46
0 36
0 52
0 64
1 141 20
0 17
0 18
0 71
0 37
0 129
0 30
0 102
0 48
0 66
1 142 30
0 84
0 75
1 143 21
0 39
1 4 16
1 140 66
2 143
2 142
2 141
2 140
END_STATE
END_LABELED_STATE
BEGIN_LABELED_STATE
0
BEGIN_STATE
0 43
0 70
0 87
0 97
0 107
0 116
0 109
0 90
0 42
0 27
0 89
0 16
0 73
0 62
0 20
0 19
1 141 21
0 18
0 55
0 129
0 30
0 21
0 102
1 142 129
0 84
0 75
1 143 48
0 57
1 4 69
1 140 51
2 143
2 142
2 141
2 140
END_STATE
END_LABELED_STATE
BEGIN_LABELED_STATE
0
BEGIN_STATE
0 43
0 70
0 78
0 96
0 97
0 107
0 116
0 92
0 110
0 109
0 99
0 26
0 51
0 35
0 80
0 62
0 20
0 38
0 54
0 36
0 52
0 64
1 141 20
0 18
0 71
0 55
0 37
0 129
0 30
0 102
1 142 30
0 93
0 75
1 143 66
1 4 126
1 140 53
2 143
2 142
2 141
2 140
END_STATE
END_LABELED_STATE
BEGIN_LABELED_STATE
1
BEGIN_STATE
0 33
0 43
0 96
0 106
0 107
0 126
0 127
0 128
0 110
0 109
0 100
0 90
0 42
0 83
0 27
0 15
0 89
0 51
0 35
0 80
0 73
0 20
0 54
0 64
1 141 20
0 18
0 71
0 53
0 55
0 37
0 21
0 102
1 142 93
0 93
1 143 57
0 39
1 4 19
1 140 30
2 143
2 142
2 140
END_STATE
END_LABELED_STATE
BEGIN_LABELED_STATE
0
BEGIN_STATE
0 33
0 43
0 96
0 106
0 107
0 126
0 127
0 128
0 110
0 109
0 100
0 90
0 42
0 83
0 27
0 15
0 89
0 51
0 35
0 80
0 73
0 20
0 54
0 64
0 19
1 141 21
0 18
0 71
0 53
0 55
0 37
0 102
1 142 93
0 93
1 143 57
0 39
1 4 20
1 140 30
2 143
2 142
2 141
2 140
END_STATE
END_LABELED_STATE
BEGIN_LABELED_STATE
0
BEGIN_STATE
0 33
0 24
0 70
0 78
0 97
0 106
0 107
0 116
0 126
0 109
0 100
0 26
0 15
0 51
0 35
0 80
0 73
0 62
0 46
0 54
0 52
1 141 16
0 18
0 37
0 30
0 21
0 48
0 111
1 142 48
1 143 48
1 4 51
1 140 80
2 143
2 142
2 141
2 140
END_STATE
END_LABELED_STATE
BEGIN_LABELED_STATE
0
BEGIN_STATE
0 33
0 24
0 43
0 70
0 78
0 96
0 126
0 128
0 110
0 99
0 90
0 27
0 26
0 69
0 15
0 89
0 82
0 73
0 20
0 38
0 46
0 52
0 64
0 19
1 141 16
0 71
0 129
0 66
1 142 120
0 93
0 75
1 143 120
0 57
1 4 127
1 140 64
2 143
2 142
2 141
2 140
END_STATE
END_LABELED_STATE
BEGIN_LABELED_STATE
0
BEGIN_STATE
0 43
0 70
0 126
0 127
0 92
0 110
0 100
0 42
0 27
0 26
0 15
0 89
0 35
0 16
0 73
0 62
0 20
0 38
1 141 16
0 17
0 71
0 53
0 120
0 48
1 142 75
0 84
1 143 84
0 57
0 39
1 4 75
1 140 70
2 143
2 142
2 141
2 140
END_STATE
END_LABELED_STATE
BEGIN_LABELED_STATE
0
BEGIN_STATE
0 24
0 43
0 70
0 96
0 92
0 109
0 42
0 83
0 69
0 15
0 51
0 80
0 73
0 20
0 46
0 54
0 36
0 52
0 19
1 141 15
0 18
0 71
0 37
0 30
0 21
0 66
1 142 93
0 84
0 93
1 143 120
1 4 89
1 140 66
2 143
2 142
2 141
2 140
END_STATE
END_LABELED_STATE
BEGIN_LABELED_STATE
0
BEGIN_STATE
0 78
0 87
0 97
0 116
0 126
0 128
0 92
0 99
0 90
0 83
0 27
0 26
0 69
0 15
0 51
0 82
0 16
0 80
0 20
0 38
0 46
0 19
1 141 15
0 17
0 18
0 53
0 120
0 30
0 48
0 66
1 142 111
1 143 48
0 57
0 39
1 4 48
1 140 36
2 143
2 142
2 141
2 140
END_STATE
END_LABELED_STATE
BEGIN_LABELED_STATE
0
BEGIN_STATE
0 33
0 43
0 87
0 106
0 128
0 92
0 109
0 99
0 90
0 27
0 26
0 89
0 82
0 35
0 16
0 20
0 38
0 46
0 54
0 36
0 64
1 141 19
0 55
0 37
0 129
0 21
0 48
0 66
1 142 57
0 75
1 143 102
0 39
1 4 30
1 140 30
2 143
2 142
2 141
2 140
END_STATE
END_LABELED_STATE
BEGIN_LABELED_STATE
0
BEGIN_STATE
0 33
0 43
0 78
0 106
0 107
0 126
0 92
0 109
0 99
0 42
0 83
0 27
0 69
0 15
0 51
0 35
0 80
0 62
0 20
0 36
1 141 21
0 18
0 71
0 53
0 37
0 129
0 30
0 21
0 48
1 142 120
0 93
1 143 75
0 57
0 39
1 4 87
1 140 129
2 143
2 142
2 141
2 140
END_STATE
END_LABELED_STATE
BEGIN_LABELED_STATE
0
BEGIN_STATE
0 33
0 24
0 43
0 70
0 87
0 97
0 106
0 117
0 126
0 109
0 100
0 42
0 83
0 26
0 80
0 62
0 38
0 54
0 36
0 52
0 64
0 19
1 141 19
0 18
0 71
0 53
0 37
0 120
0 30
0 111
0 66
1 142 84
0 84
0 93
1 143 84
0 57
1 4 100
1 140 46
2 143
2 142
2 141
2 140
END_STATE
END_LABELED_STATE
BEGIN_LABELED_STATE
0
BEGIN_STATE
0 96
0 97
0 106
0 116
0 127
0 110
0 109
0 100
0 99
0 42
0 27
0 15
0 73
0 62
0 38
0 54
0 19
1 141 16
0 17
0 53
0 120
0 102
0 66
1 142 84
0 84
1 143 30
0 57
0 39
1 4 106
1 140 21
2 143
2 142
2 141
2 140
END_STATE
END_LABELED_STATE
BEGIN_LABELED_STATE
0
BEGIN_STATE
0 33
0 24
0 70
0 97
0 106
0 107
0 127
0 92
0 110
0 100
0 99
0 83
0 15
0 73
0 62
0 38
0 46
0 36
0 64
0 19
1 141 21
0 17
0 18
0 71
0 53
0 55
0 30
0 21
0 102
0 66
1 142 120
0 84
0 93
1 143 66
0 57
1 4 19
1 140 93
2 143
2 142
2 141
2 140
END_STATE
END_LABELED_STATE
BEGIN_LABELED_STATE
0
BEGIN_STATE
0 70
0 78
0 87
0 106
0 116
0 126
0 110
0 109
0 100
0 99
0 90
0 42
0 83
0 27
0 82
0 16
0 80
0 73
0 20
0 38
0 52
0 64
0 19
1 141 20
0 18
0 53
0 55
0 37
0 129
0 120
0 102
0 111
0 66
1 142 48
0 93
1 143 111
0 57
0 39
1 4 18
1 140 120
2 143
2 142
2 141
2 140
END_STATE
END_LABELED_STATE
BEGIN_LABELED_STATE
0
BEGIN_STATE
0 33
0 24
0 78
0 87
0 96
0 107
0 127
0 128
0 92
0 109
0 26
0 69
0 15
0 89
0 82
0 35
0 16
0 80
0 62
0 20
0 38
0 46
0 54
0 36
0 52
1 141 19
0 18
0 55
0 37
0 48
0 111
0 66
1 142 57
0 84
0 75
1 143 93
1 4 33
1 140 80
2 143
2 142
2 141
2 140
END_STATE
END_LABELED_STATE
BEGIN_LABELED_STATE
0
BEGIN_STATE
0 33
0 78
0 87
0 116
0 127
0 128
0 92
0 100
0 99
0 42
0 27
0 15
0 89
0 73
0 20
0 38
0 46
0 36
0 64
1 141 18
0 53
0 37
0 129
0 120
0 21
0 48
0 111
1 142 66
0 93
0 75
1 143 120
0 39
1 4 89
1 140 57
2 143
2 142
2 141
2 140
END_STATE
END_LABELED_STATE
BEGIN_LABELED_STATE
0
BEGIN_STATE
0 24
0 43
0 96
0 116
0 128
0 92
0 109
0 99
0 83
0 26
0 15
0 51
0 35
0 80
0 62
0 54
0 52
1 141 18
0 18
0 55
0 37
0 129
0 120
0 30
0 21
0 102
0 48
1 142 66
0 84
1 143 21
0 39
1 4 92
1 140 53
2 143
2 142
2 141
2 140
END_STATE
END_LABELED_STATE
BEGIN_LABELED_STATE
0
BEGIN_STATE
0 33
0 24
0 70
0 87
0 97
0 106
0 107
0 117
0 128
0 92
0 109
0 100
0 42
0 83
0 27
0 26
0 69
0 15
0 89
0 51
0 20
0 46
0 54
0 64
1 141 21
0 17
0 71
0 55
0 37
0 120
0 30
0 21
0 48
1 142 129
0 84
0 75
1 143 102
0 57
0 39
1 4 21
1 140 57
2 143
2 142
2 141
2 140
END_STATE
END_LABELED_STATE
BEGIN_LABELED_STATE
0
BEGIN_STATE
0 33
0 24
0 43
0 70
0 78
0 97
0 106
0 107
0 116
0 127
0 128
0 92
0 109
0 100
0 90
0 42
0 83
0 27
0 15
0 89
0 82
0 35
0 80
0 46
0 54
0 36
0 52
0 19
1 141 17
0 129
0 120
0 21
0 102
0 48
0 111
1 142 57
0 84
0 93
1 143 84
0 57
1 4 55
1 140 84
2 143
2 142
2 141
2 140
END_STATE
END_LABELED_STATE
BEGIN_LABELED_STATE
0
BEGIN_STATE
0 24
0 78
0 97
0 116
0 117
0 126
0 127
0 128
0 92
0 110
0 109
0 90
0 42
0 26
0 51
0 82
0 35
0 73
0 62
0 54
0 36
0 52
1 141 20
0 71
0 55
0 37
0 129
0 48
0 111
0 66
1 142 111
0 93
0 75
1 143 129
0 39
1 4 128
1 140 62
2 143
2 142
2 141
2 140
END_STATE
END_LABELED_STATE
BEGIN_LABELED_STATE
0
BEGIN_STATE
0 33
0 24
0 43
0 70
0 96
0 107
0 116
0 127
0 128
0 92
0 110
0 109
0 100
0 27
0 26
0 69
0 15
0 51
0 35
0 16
0 80
0 20
0 38
0 46
0 64
1 141 21
0 17
0 53
0 30
0 21
0 48
0 111
0 66
1 142 30
0 84
0 75
1 143 48
0 57
1 4 21
1 140 73
2 143
2 142
2 141
2 140
END_STATE
END_LABELED_STATE
BEGIN_LABELED_STATE
0
BEGIN_STATE
0 43
0 78
0 96
0 97
0 107
0 116
0 117
0 128
0 92
0 110
0 109
0 100
0 99
0 90
0 27
0 26
0 69
0 15
0 89
0 82
0 73
0 62
0 38
1 141 18
0 18
0 55
0 37
0 30
1 142 21
0 75
1 143 102
1 4 37
1 140 111
2 143
2 142
2 141
2 140
END_STATE
END_LABELED_STATE
BEGIN_LABELED_STATE
0
BEGIN_STATE
0 33
0 43
0 70
0 78
0 96
0 107
0 116
0 127
0 128
0 110
0 109
0 100
0 99
0 90
0 42
0 27
0 26
0 69
0 15
0 89
0 51
0 82
0 35
0 16
0 80
0 73
0 38
0 46
0 36
0 52
0 64
0 19
1 141 21
0 17
0 18
0 71
0 129
0 120
0 30
0 102
0 48
1 142 102
1 143 39
0 39
1 4 54
1 140 62
2 143
2 142
2 141
2 140
END_STATE
END_LABELED_STATE
BEGIN_LABELED_STATE
0
BEGIN_STATE
0 33
0 70
0 78
0 106
0 116
0 126
0 42
0 83
0 27
0 69
0 89
0 16
0 73
1 141 21
0 18
0 71
0 53
0 37
0 30
0 48
0 111
1 142 39
0 75
1 143 57
1 4 69
1 140 36
2 143
2 142
2 141
2 140
END_STATE
END_LABELED_STATE
BEGIN_LABELED_STATE
0
BEGIN_STATE
0 24
0 43
0 78
0 87
0 106
0 107
0 116
0 126
0 92
0 109
0 100
0 99
0 42
0 83
0 27
0 15
0 89
0 51
0 16
0 80
0 73
0 62
0 20
0 38
0 46
0 52
1 141 15
0 17
0 18
0 129
0 21
0 48
1 142 75
0 84
0 75
1 143 57
1 4 107
1 140 64
2 143
2 142
2 141
2 140
END_STATE
END_LABELED_STATE
BEGIN_LABELED_STATE
0
BEGIN_STATE
0 33
0 24
0 43
0 78
0 96
0 97
0 107
0 116
0 127
0 92
0 110
0 109
0 90
0 26
0 89
0 51
0 16
0 80
0 73
0 20
0 38
0 54
0 19
1 141 18
0 18
0 71
0 55
0 37
0 111
1 142 48
0 84
0 93
0 75
1 143 111
0 39
1 4 54
1 140 21
2 143
2 142
2 141
2 140
END_STATE
END_LABELED_STATE
BEGIN_LABELED_STATE
0
BEGIN_STATE
0 70
0 78
0 96
0 106
0 107
0 117
0 126
0 110
0 100
0 99
0 42
0 83
0 26
0 89
0 51
0 82
0 35
0 80
0 62
0 38
0 46
0 64
0 19
1 141 18
0 17
0 37
0 120
0 21
0 111
0 66
1 142 111
0 84
0 75
1 143 120
0 57
0 39
1 4 90
1 140 80
2 143
2 142
2 141
2 140
END_STATE
END_LABELED_STATE
BEGIN_LABELED_STATE
0
BEGIN_STATE
0 70
0 107
0 117
0 126
0 100
0 99
0 42
0 83
0 27
0 15
0 89
0 51
0 80
0 73
0 38
0 36
0 64
0 19
1 141 20
0 18
0 71
0 53
0 55
0 37
0 129
0 21
0 102
0 66
1 142 21
1 143 21
0 39
1 4 64
1 140 82
2 143
2 142
2 141
2 140
END_STATE
END_LABELED_STATE
BEGIN_LABELED_STATE
0
BEGIN_STATE
0 33
0 24
0 87
0 116
0 117
0 99
0 83
0 69
0 89
0 35
0 80
0 73
0 62
0 38
0 36
0 64
0 19
1 141 19
0 17
0 71
0 53
0 55
0 129
0 21
0 111
1 142 93
0 75
1 143 66
0 57
1 4 78
1 140 53
2 143
2 142
2 141
2 140
END_STATE
END_LABELED_STATE
BEGIN_LABELED_STATE
0
BEGIN_STATE
0 24
0 43
0 70
0 78
0 96
0 127
0 110
0 99
0 90
0 42
0 83
0 26
0 69
0 82
0 80
0 62
0 20
0 38
0 46
0 36
0 52
0 64
1 141 15
0 17
0 18
0 71
0 53
0 55
0 37
0 129
0 30
0 66
1 142 102
0 84
1 143 93
1 4 52
1 140 52
2 143
2 142
2 141
2 140
END_STATE
END_LABELED_STATE
BEGIN_LABELED_STATE
0
BEGIN_STATE
0 33
0 87
0 96
0 116
0 117
0 126
0 127
0 92
0 110
0 99
0 27
0 89
0 51
0 35
0 80
0 62
0 20
0 36
1 141 20
0 120
0 21
0 102
0 48
1 142 111
0 84
1 143 93
0 57
1 4 55
1 140 36
2 143
2 142
2 141
2 140
END_STATE
END_LABELED_STATE
BEGIN_LABELED_STATE
0
BEGIN_STATE
0 33
0 87
0 106
0 107
0 116
0 117
0 127
0 109
0 99
0 90
0 83
0 51
0 82
0 16
0 73
0 62
0 38
0 46
0 54
0 52
0 19
1 141 21
0 18
0 71
0 37
0 129
0 120
0 30
0 102
0 48
0 111
0 66
1 142 30
0 84
1 143 30
1 4 30
1 140 21
2 143
2 142
2 141
2 140
END_STATE
END_LABELED_STATE
BEGIN_LABELED_STATE
0
BEGIN_STATE
0 78
0 96
0 106
0 107
0 116
0 117
0 126
0 127
0 128
0 92
0 110
0 109
0 100
0 99
0 27
0 15
0 89
0 82
0 73
0 62
0 46
0 54
1 141 15
0 71
0 53
0 55
0 37
0 129
0 48
0 66
1 142 39
0 75
1 143 48
1 4 75
1 140 46
2 143
2 142
2 141
2 140
END_STATE
END_LABELED_STATE
BEGIN_LABELED_STATE
0
BEGIN_STATE
0 33
0 70
0 96
0 97
0 106
0 117
0 126
0 128
0 110
0 99
0 83
0 26
0 69
0 15
0 82
0 16
0 46
0 36
0 19
1 141 21
0 17
0 18
0 55
0 21
0 102
0 111
0 66
1 142 21
0 84
0 75
1 143 102
1 4 83
1 140 48
2 143
2 142
2 141
2 140
END_STATE
END_LABELED_STATE
BEGIN_LABELED_STATE
0
BEGIN_STATE
0 33
0 24
0 70
0 78
0 97
0 107
0 116
0 128
0 92
0 109
0 99
0 83
0 27
0 15
0 35
0 20
0 38
0 54
0 52
0 64
1 141 18
0 17
0 71
0 129
0 120
0 21
0 48
0 111
0 66
1 142 57
0 75
1 143 84
0 39
1 4 69
1 140 48
2 143
2 142
2 141
2 140
END_STATE
END_LABELED_STATE
BEGIN_LABELED_STATE
0
BEGIN_STATE
0 33
0 24
0 70
0 87
0 96
0 97
0 107
0 117
0 110
0 109
0 99
0 90
0 42
0 83
0 69
0 15
0 51
0 16
0 80
0 73
0 62
0 20
0 36
0 52
0 19
1 141 20
0 17
0 18
0 71
0 55
0 37
0 129
0 120
0 21
0 66
1 142 84
0 84
0 93
0 75
1 143 129
1 4 80
1 140 71
2 143
2 142
2 141
2 140
END_STATE
END_LABELED_STATE
BEGIN_LABELED_STATE
0
BEGIN_STATE
0 33
0 70
0 97
0 106
0 107
0 117
0 126
0 128
0 92
0 110
0 99
0 90
0 27
0 26
0 69
0 89
0 51
0 82
0 80
0 73
0 38
0 46
0 54
0 36
0 52
0 64
1 141 21
0 18
0 71
0 37
0 129
0 120
0 30
0 102
0 48
0 111
0 66
1 142 48
0 84
0 75
1 143 75
0 57
1 4 21
1 140 75
2 143
2 142
2 141
2 140
END_STATE
END_LABELED_STATE
BEGIN_LABELED_STATE
0
BEGIN_STATE
0 43
0 78
0 87
0 126
0 127
0 92
0 100
0 99
0 90
0 27
0 26
0 69
0 15
0 89
0 82
0 16
0 80
0 62
0 38
0 46
0 52
0 64
1 141 20
0 17
0 53
0 55
0 129
0 30
0 21
0 102
0 111
1 142 66
1 143 48
0 57
0 39
1 4 26
1 140 64
2 143
2 142
2 141
2 140
END_STATE
END_LABELED_STATE
BEGIN_LABELED_STATE
0
BEGIN_STATE
0 33
0 97
0 127
0 90
0 27
0 26
0 15
0 89
0 82
0 62
0 20
0 46
0 64
1 141 21
0 18
0 71
0 53
0 55
0 129
0 21
0 48
0 111
0 66
1 142 39
0 84
0 75
1 143 84
0 57
1 4 57
1 140 120
2 143
2 142
2 141
2 140
END_STATE
END_LABELED_STATE
BEGIN_LABELED_STATE
0
BEGIN_STATE
0 33
0 24
0 43
0 87
0 96
0 107
0 127
0 109
0 99
0 83
0 26
0 69
0 15
0 89
0 82
0 62
0 36
0 19
1 141 20
0 53
0 55
0 129
0 30
0 48
0 66
1 142 84
0 84
1 143 30
1 4 87
1 140 84
2 143
2 142
2 141
2 140
END_STATE
END_LABELED_STATE
BEGIN_LABELED_STATE
0
BEGIN_STATE
0 33
0 43
0 70
0 117
0 127
0 92
0 109
0 100
0 99
0 42
0 27
0 26
0 89
0 51
0 35
0 80
0 73
0 38
0 46
0 54
1 141 15
0 17
0 18
0 55
0 37
0 129
0 21
0 102
0 48
0 111
1 142 30
0 84
0 93
1 143 21
0 57
0 39
1 4 69
1 140 57
2 143
2 142
2 141
2 140
END_STATE
END_LABELED_STATE
BEGIN_LABELED_STATE
0
BEGIN_STATE
0 33
0 70
0 78
0 87
0 97
0 116
0 127
0 100
0 42
0 69
0 15
0 89
0 82
0 38
0 54
0 36
0 64
0 19
1 141 15
0 18
0 71
0 53
0 120
0 21
0 48
0 111
1 142 21
0 84
0 75
1 143 120
1 4 80
1 140 80
2 143
2 142
2 141
2 140
END_STATE
END_LABELED_STATE
END_STATE_LIST
