BEGIN_TYPES
0 -1 object
1 0 thing
2 0 location
3 0 direction
4 1 player
5 1 stone
END_TYPES
BEGIN_OBJECTS
0 3 dir-down
1 3 dir-left
2 3 dir-right
3 3 dir-up
4 4 player-01
5 2 pos-01-01
6 2 pos-01-02
7 2 pos-01-03
8 2 pos-01-04
9 2 pos-01-05
10 2 pos-01-06
11 2 pos-01-07
12 2 pos-01-08
13 2 pos-01-09
14 2 pos-02-01
15 2 pos-02-02
16 2 pos-02-03
17 2 pos-02-04
18 2 pos-02-05
19 2 pos-02-06
20 2 pos-02-07
21 2 pos-02-08
22 2 pos-02-09
23 2 pos-03-01
24 2 pos-03-02
25 2 pos-03-03
26 2 pos-03-04
27 2 pos-03-05
28 2 pos-03-06
29 2 pos-03-07
30 2 pos-03-08
31 2 pos-03-09
32 2 pos-04-01
33 2 pos-04-02
34 2 pos-04-03
35 2 pos-04-04
36 2 pos-04-05
37 2 pos-04-06
38 2 pos-04-07
39 2 pos-04-08
40 2 pos-04-09
41 2 pos-05-01
42 2 pos-05-02
43 2 pos-05-03
44 2 pos-05-04
45 2 pos-05-05
46 2 pos-05-06
47 2 pos-05-07
48 2 pos-05-08
49 2 pos-05-09
50 2 pos-06-01
51 2 pos-06-02
52 2 pos-06-03
53 2 pos-06-04
54 2 pos-06-05
55 2 pos-06-06
56 2 pos-06-07
57 2 pos-06-08
58 2 pos-06-09
59 2 pos-07-01
60 2 pos-07-02
61 2 pos-07-03
62 2 pos-07-04
63 2 pos-07-05
64 2 pos-07-06
65 2 pos-07-07
66 2 pos-07-08
67 2 pos-07-09
68 2 pos-08-01
69 2 pos-08-02
70 2 pos-08-03
71 2 pos-08-04
72 2 pos-08-05
73 2 pos-08-06
74 2 pos-08-07
75 2 pos-08-08
76 2 pos-08-09
77 2 pos-09-01
78 2 pos-09-02
79 2 pos-09-03
80 2 pos-09-04
81 2 pos-09-05
82 2 pos-09-06
83 2 pos-09-07
84 2 pos-09-08
85 2 pos-09-09
86 2 pos-10-01
87 2 pos-10-02
88 2 pos-10-03
89 2 pos-10-04
90 2 pos-10-05
91 2 pos-10-06
92 2 pos-10-07
93 2 pos-10-08
94 2 pos-10-09
95 5 stone-01
96 5 stone-02
97 5 stone-03
98 5 stone-04
END_OBJECTS
BEGIN_PREDICATES
0 2 clear
1 1 2 at
2 5 at-goal
3 2 is-goal
4 2 is-nongoal
5 2 2 3 move-dir
END_PREDICATES
BEGIN_GOAL
2 95
2 96
2 97
2 98
END_GOAL
BEGIN_ACTIONS
END_ACTIONS
BEGIN_STATIC_FACTS
4 79
4 59
4 77
5 55 64 2
5 30 21 1
5 29 30 0
5 93 92 3
5 25 26 0
5 65 56 1
5 77 86 2
5 44 53 2
5 92 91 3
5 37 28 1
5 68 77 2
4 65
4 87
5 46 55 2
5 38 37 3
4 85
4 76
4 10
4 21
5 52 51 3
5 80 71 1
5 86 77 1
5 79 80 0
5 49 58 2
5 73 74 0
4 9
4 5
4 53
5 52 61 2
5 94 93 3
4 36
4 70
5 46 37 1
4 66
5 85 76 1
4 78
5 42 43 0
4 42
0 77
4 40
5 18 27 2
5 64 55 1
5 44 43 3
4 52
4 28
4 37
4 81
4 92
4 14
4 73
5 37 38 0
4 56
4 15
5 58 67 2
0 85
4 91
0 76
5 93 94 0
4 30
5 61 70 2
5 27 28 0
5 19 18 3
5 61 52 1
4 29
4 67
5 77 68 1
5 91 92 0
4 86
4 35
5 26 25 3
5 36 37 0
5 62 71 2
5 21 20 3
5 70 61 1
5 67 76 2
5 79 70 1
4 17
5 34 43 2
4 45
4 88
4 47
5 38 29 1
0 92
4 58
4 41
4 13
4 24
4 80
4 25
5 53 44 1
0 91
4 27
4 7
5 65 64 3
4 84
4 51
4 93
3 64
5 26 27 0
5 51 52 0
5 56 55 3
4 55
5 64 65 0
5 71 70 3
4 68
0 67
5 53 52 3
4 44
4 71
5 20 19 3
0 86
5 67 58 1
4 12
5 42 51 2
5 62 63 0
5 74 65 1
4 90
5 43 42 3
4 39
0 58
4 94
3 62
4 60
5 43 44 0
3 63
5 62 61 3
5 70 71 0
4 89
5 37 46 2
4 49
4 72
5 19 28 2
5 94 85 1
0 7
4 57
4 38
4 23
4 11
0 93
5 29 20 1
0 68
4 74
5 28 29 0
5 30 29 3
4 32
4 75
5 56 65 2
5 92 93 0
4 31
5 63 64 0
5 51 42 1
5 71 62 1
5 80 79 3
4 48
5 70 79 2
5 62 53 1
4 26
5 18 19 0
0 94
4 16
5 29 28 3
5 20 29 2
4 20
5 63 62 3
5 25 34 2
0 49
4 43
5 28 37 2
5 58 49 1
4 8
4 34
4 69
5 43 52 2
5 61 62 0
5 55 56 0
5 19 20 0
5 76 85 2
0 23
5 64 73 2
5 36 27 1
4 54
4 6
4 50
5 20 21 0
5 65 74 2
5 28 27 3
4 18
4 83
5 55 46 1
4 19
5 71 80 2
4 22
5 37 36 3
5 28 19 1
4 33
5 29 38 2
5 52 43 1
5 74 73 3
4 46
3 61
5 64 63 3
4 82
5 52 53 0
5 27 26 3
5 27 18 1
5 34 25 1
5 53 62 2
5 43 34 1
5 73 64 1
5 21 30 2
5 27 36 2
5 76 67 1
5 85 94 2
END_STATIC_FACTS
BEGIN_STATE_LIST
BEGIN_LABELED_STATE
106
BEGIN_STATE
0 21
0 30
0 26
0 56
0 74
0 73
0 51
0 42
0 79
0 80
0 65
0 70
0 53
0 44
0 63
0 55
0 25
0 27
0 43
0 19
0 18
0 36
0 38
0 20
0 46
0 64
0 61
0 28
0 62
1 95 34
1 96 52
1 97 71
1 98 37
1 4 29
END_STATE
END_LABELED_STATE
BEGIN_LABELED_STATE
105
BEGIN_STATE
0 21
0 30
0 26
0 56
0 74
0 73
0 51
0 42
0 79
0 80
0 65
0 70
0 29
0 53
0 44
0 63
0 55
0 25
0 27
0 43
0 19
0 18
0 36
0 38
0 20
0 46
0 64
0 61
0 62
1 95 34
1 96 52
1 97 71
1 98 37
1 4 28
END_STATE
END_LABELED_STATE
BEGIN_LABELED_STATE
104
BEGIN_STATE
0 21
0 30
0 26
0 56
0 74
0 73
0 51
0 42
0 79
0 80
0 65
0 70
0 29
0 53
0 44
0 63
0 55
0 25
0 27
0 43
0 19
0 18
0 36
0 38
0 20
0 64
0 61
0 28
0 62
1 95 34
1 96 52
1 97 71
1 98 46
1 4 37
END_STATE
END_LABELED_STATE
BEGIN_LABELED_STATE
103
BEGIN_STATE
0 21
0 30
0 26
0 56
0 74
0 73
0 51
0 42
0 79
0 80
0 65
0 70
0 29
0 53
0 44
0 63
0 25
0 27
0 43
0 19
0 18
0 36
0 38
0 20
0 37
0 64
0 61
0 28
0 62
1 95 34
1 96 52
1 97 71
1 98 55
1 4 46
END_STATE
END_LABELED_STATE
BEGIN_LABELED_STATE
102
BEGIN_STATE
0 21
0 30
0 26
0 56
0 74
0 73
0 51
0 42
0 79
0 80
0 65
0 70
0 29
0 53
0 44
0 63
0 25
0 27
0 43
0 19
0 18
0 36
0 38
0 20
0 37
0 46
0 61
0 28
0 62
1 95 34
1 96 52
1 97 71
1 98 64
1 4 55
2 98
END_STATE
END_LABELED_STATE
BEGIN_LABELED_STATE
101
BEGIN_STATE
0 21
0 30
0 26
0 74
0 73
0 51
0 42
0 79
0 80
0 65
0 70
0 29
0 53
0 44
0 63
0 55
0 25
0 27
0 43
0 19
0 18
0 36
0 38
0 20
0 37
0 46
0 61
0 28
0 62
1 95 34
1 96 52
1 97 71
1 98 64
1 4 56
2 98
END_STATE
END_LABELED_STATE
BEGIN_LABELED_STATE
100
BEGIN_STATE
0 21
0 30
0 26
0 56
0 74
0 73
0 51
0 42
0 79
0 80
0 70
0 29
0 53
0 44
0 63
0 55
0 25
0 27
0 43
0 19
0 18
0 36
0 38
0 20
0 37
0 46
0 61
0 28
0 62
1 95 34
1 96 52
1 97 71
1 98 64
1 4 65
2 98
END_STATE
END_LABELED_STATE
BEGIN_LABELED_STATE
99
BEGIN_STATE
0 21
0 30
0 26
0 56
0 73
0 51
0 42
0 79
0 80
0 65
0 70
0 29
0 53
0 44
0 63
0 55
0 25
0 27
0 43
0 19
0 18
0 36
0 38
0 20
0 37
0 46
0 61
0 28
0 62
1 95 34
1 96 52
1 97 71
1 98 64
1 4 74
2 98
END_STATE
END_LABELED_STATE
BEGIN_LABELED_STATE
98
BEGIN_STATE
0 21
0 30
0 26
0 56
0 74
0 51
0 42
0 79
0 80
0 65
0 70
0 29
0 53
0 44
0 63
0 55
0 25
0 27
0 43
0 19
0 18
0 36
0 38
0 20
0 37
0 46
0 61
0 28
0 62
1 95 34
1 96 52
1 97 71
1 98 64
1 4 73
2 98
END_STATE
END_LABELED_STATE
BEGIN_LABELED_STATE
97
BEGIN_STATE
0 21
0 30
0 26
0 56
0 74
0 73
0 51
0 42
0 79
0 80
0 65
0 70
0 29
0 53
0 44
0 63
0 25
0 27
0 43
0 19
0 18
0 36
0 38
0 20
0 37
0 46
0 61
0 28
0 62
1 95 34
1 96 52
1 97 71
1 98 55
1 4 64
END_STATE
END_LABELED_STATE
BEGIN_LABELED_STATE
96
BEGIN_STATE
0 21
0 30
0 26
0 56
0 74
0 73
0 51
0 42
0 79
0 80
0 65
0 70
0 29
0 53
0 44
0 25
0 27
0 43
0 19
0 18
0 36
0 38
0 20
0 37
0 46
0 64
0 61
0 28
0 62
1 95 34
1 96 52
1 97 71
1 98 55
1 4 63
END_STATE
END_LABELED_STATE
BEGIN_LABELED_STATE
95
BEGIN_STATE
0 21
0 30
0 26
0 56
0 74
0 73
0 51
0 42
0 79
0 80
0 65
0 70
0 29
0 53
0 44
0 63
0 25
0 27
0 43
0 19
0 18
0 36
0 38
0 20
0 37
0 46
0 64
0 61
0 28
1 95 34
1 96 52
1 97 71
1 98 55
1 4 62
END_STATE
END_LABELED_STATE
BEGIN_LABELED_STATE
94
BEGIN_STATE
0 21
0 30
0 26
0 56
0 74
0 73
0 51
0 42
0 79
0 80
0 65
0 70
0 29
0 44
0 63
0 25
0 27
0 43
0 19
0 18
0 36
0 38
0 20
0 37
0 46
0 64
0 61
0 28
0 62
1 95 34
1 96 52
1 97 71
1 98 55
1 4 53
END_STATE
END_LABELED_STATE
BEGIN_LABELED_STATE
93
BEGIN_STATE
0 21
0 30
0 26
0 56
0 74
0 73
0 51
0 42
0 79
0 80
0 65
0 70
0 29
0 53
0 63
0 25
0 27
0 43
0 19
0 18
0 36
0 38
0 20
0 37
0 46
0 64
0 61
0 28
0 62
1 95 34
1 96 52
1 97 71
1 98 55
1 4 44
END_STATE
END_LABELED_STATE
BEGIN_LABELED_STATE
92
BEGIN_STATE
0 21
0 30
0 26
0 56
0 74
0 73
0 51
0 42
0 79
0 80
0 65
0 70
0 29
0 53
0 44
0 63
0 25
0 27
0 19
0 18
0 36
0 38
0 20
0 37
0 46
0 64
0 61
0 28
0 62
1 95 34
1 96 52
1 97 71
1 98 55
1 4 43
END_STATE
END_LABELED_STATE
BEGIN_LABELED_STATE
91
BEGIN_STATE
0 21
0 30
0 26
0 56
0 74
0 73
0 51
0 79
0 80
0 65
0 70
0 29
0 53
0 44
0 63
0 25
0 27
0 43
0 19
0 18
0 36
0 38
0 20
0 37
0 46
0 64
0 61
0 28
0 62
1 95 34
1 96 52
1 97 71
1 98 55
1 4 42
END_STATE
END_LABELED_STATE
BEGIN_LABELED_STATE
90
BEGIN_STATE
0 21
0 30
0 26
0 56
0 74
0 73
0 42
0 79
0 80
0 65
0 70
0 29
0 53
0 44
0 63
0 25
0 27
0 43
0 19
0 18
0 36
0 38
0 20
0 37
0 46
0 64
0 61
0 28
0 62
1 95 34
1 96 52
1 97 71
1 98 55
1 4 51
END_STATE
END_LABELED_STATE
BEGIN_LABELED_STATE
89
BEGIN_STATE
0 21
0 30
0 26
0 56
0 74
0 73
0 51
0 42
0 79
0 80
0 65
0 70
0 29
0 44
0 63
0 25
0 27
0 43
0 19
0 18
0 36
0 38
0 20
0 37
0 46
0 64
0 61
0 28
0 62
1 95 34
1 96 53
1 97 71
1 98 55
1 4 52
END_STATE
END_LABELED_STATE
BEGIN_LABELED_STATE
88
BEGIN_STATE
0 21
0 30
0 26
0 56
0 74
0 73
0 51
0 42
0 79
0 80
0 65
0 70
0 29
0 44
0 63
0 52
0 25
0 27
0 43
0 19
0 18
0 36
0 38
0 20
0 37
0 46
0 64
0 28
0 62
1 95 34
1 96 53
1 97 71
1 98 55
1 4 61
END_STATE
END_LABELED_STATE
BEGIN_LABELED_STATE
87
BEGIN_STATE
0 21
0 30
0 26
0 56
0 74
0 73
0 51
0 42
0 79
0 80
0 65
0 70
0 29
0 44
0 63
0 52
0 25
0 27
0 43
0 19
0 18
0 36
0 38
0 20
0 37
0 46
0 64
0 61
0 28
1 95 34
1 96 53
1 97 71
1 98 55
1 4 62
END_STATE
END_LABELED_STATE
BEGIN_LABELED_STATE
86
BEGIN_STATE
0 21
0 30
0 26
0 56
0 74
0 73
0 51
0 42
0 79
0 80
0 65
0 70
0 29
0 44
0 52
0 25
0 27
0 43
0 19
0 18
0 36
0 38
0 20
0 37
0 46
0 64
0 61
0 28
0 62
1 95 34
1 96 53
1 97 71
1 98 55
1 4 63
END_STATE
END_LABELED_STATE
BEGIN_LABELED_STATE
85
BEGIN_STATE
0 21
0 30
0 26
0 56
0 74
0 73
0 51
0 42
0 79
0 80
0 65
0 70
0 29
0 44
0 63
0 52
0 25
0 27
0 43
0 19
0 18
0 36
0 38
0 20
0 37
0 46
0 61
0 28
0 62
1 95 34
1 96 53
1 97 71
1 98 55
1 4 64
END_STATE
END_LABELED_STATE
BEGIN_LABELED_STATE
84
BEGIN_STATE
0 21
0 30
0 26
0 56
0 74
0 73
0 51
0 42
0 79
0 80
0 65
0 70
0 29
0 44
0 63
0 52
0 25
0 27
0 43
0 19
0 18
0 36
0 38
0 20
0 37
0 64
0 61
0 28
0 62
1 95 34
1 96 53
1 97 71
1 98 46
1 4 55
END_STATE
END_LABELED_STATE
BEGIN_LABELED_STATE
83
BEGIN_STATE
0 21
0 30
0 26
0 56
0 74
0 73
0 51
0 42
0 79
0 80
0 65
0 70
0 29
0 44
0 63
0 52
0 55
0 25
0 27
0 43
0 19
0 18
0 36
0 38
0 20
0 64
0 61
0 28
0 62
1 95 34
1 96 53
1 97 71
1 98 37
1 4 46
END_STATE
END_LABELED_STATE
BEGIN_LABELED_STATE
82
BEGIN_STATE
0 21
0 30
0 26
0 56
0 74
0 73
0 51
0 42
0 79
0 80
0 65
0 70
0 29
0 44
0 63
0 52
0 55
0 25
0 27
0 43
0 19
0 18
0 36
0 38
0 20
0 46
0 64
0 61
0 62
1 95 34
1 96 53
1 97 71
1 98 28
1 4 37
END_STATE
END_LABELED_STATE
BEGIN_LABELED_STATE
81
BEGIN_STATE
0 21
0 30
0 26
0 56
0 74
0 73
0 51
0 42
0 79
0 80
0 65
0 70
0 29
0 44
0 63
0 52
0 55
0 25
0 27
0 43
0 19
0 18
0 38
0 20
0 37
0 46
0 64
0 61
0 62
1 95 34
1 96 53
1 97 71
1 98 28
1 4 36
END_STATE
END_LABELED_STATE
BEGIN_LABELED_STATE
80
BEGIN_STATE
0 21
0 30
0 26
0 56
0 74
0 73
0 51
0 42
0 79
0 80
0 65
0 70
0 29
0 44
0 63
0 52
0 55
0 25
0 43
0 19
0 18
0 36
0 38
0 20
0 37
0 46
0 64
0 61
0 62
1 95 34
1 96 53
1 97 71
1 98 28
1 4 27
END_STATE
END_LABELED_STATE
BEGIN_LABELED_STATE
79
BEGIN_STATE
0 21
0 30
0 56
0 74
0 73
0 51
0 42
0 79
0 80
0 65
0 70
0 29
0 44
0 63
0 52
0 55
0 25
0 27
0 43
0 19
0 18
0 36
0 38
0 20
0 37
0 46
0 64
0 61
0 62
1 95 34
1 96 53
1 97 71
1 98 28
1 4 26
END_STATE
END_LABELED_STATE
BEGIN_LABELED_STATE
78
BEGIN_STATE
0 21
0 30
0 26
0 56
0 74
0 73
0 51
0 42
0 79
0 80
0 65
0 70
0 29
0 44
0 63
0 52
0 55
0 27
0 43
0 19
0 18
0 36
0 38
0 20
0 37
0 46
0 64
0 61
0 62
1 95 34
1 96 53
1 97 71
1 98 28
1 4 25
END_STATE
END_LABELED_STATE
BEGIN_LABELED_STATE
77
BEGIN_STATE
0 21
0 30
0 26
0 56
0 74
0 73
0 51
0 42
0 79
0 80
0 65
0 70
0 29
0 44
0 63
0 52
0 55
0 25
0 27
0 19
0 18
0 36
0 38
0 20
0 37
0 46
0 64
0 61
0 62
1 95 43
1 96 53
1 97 71
1 98 28
1 4 34
END_STATE
END_LABELED_STATE
BEGIN_LABELED_STATE
76
BEGIN_STATE
0 21
0 30
0 26
0 56
0 74
0 73
0 34
0 51
0 42
0 79
0 80
0 65
0 70
0 29
0 44
0 63
0 55
0 25
0 27
0 19
0 18
0 36
0 38
0 20
0 37
0 46
0 64
0 61
0 62
1 95 52
1 96 53
1 97 71
1 98 28
1 4 43
END_STATE
END_LABELED_STATE
BEGIN_LABELED_STATE
75
BEGIN_STATE
0 21
0 30
0 26
0 56
0 74
0 73
0 34
0 51
0 42
0 79
0 80
0 65
0 70
0 29
0 63
0 55
0 25
0 27
0 43
0 19
0 18
0 36
0 38
0 20
0 37
0 46
0 64
0 61
0 62
1 95 52
1 96 53
1 97 71
1 98 28
1 4 44
END_STATE
END_LABELED_STATE
BEGIN_LABELED_STATE
74
BEGIN_STATE
0 21
0 30
0 26
0 56
0 74
0 73
0 34
0 51
0 42
0 79
0 80
0 65
0 70
0 29
0 44
0 63
0 55
0 25
0 27
0 43
0 19
0 18
0 36
0 38
0 20
0 37
0 46
0 64
0 61
1 95 52
1 96 62
1 97 71
1 98 28
1 4 53
2 96
END_STATE
END_LABELED_STATE
BEGIN_LABELED_STATE
73
BEGIN_STATE
0 21
0 30
0 26
0 56
0 74
0 73
0 34
0 51
0 42
0 79
0 80
0 65
0 70
0 29
0 53
0 63
0 55
0 25
0 27
0 43
0 19
0 18
0 36
0 38
0 20
0 37
0 46
0 64
0 61
1 95 52
1 96 62
1 97 71
1 98 28
1 4 44
2 96
END_STATE
END_LABELED_STATE
BEGIN_LABELED_STATE
72
BEGIN_STATE
0 21
0 30
0 26
0 56
0 74
0 73
0 34
0 51
0 42
0 79
0 80
0 65
0 70
0 29
0 53
0 44
0 63
0 55
0 25
0 27
0 19
0 18
0 36
0 38
0 20
0 37
0 46
0 64
0 61
1 95 52
1 96 62
1 97 71
1 98 28
1 4 43
2 96
END_STATE
END_LABELED_STATE
BEGIN_LABELED_STATE
71
BEGIN_STATE
0 21
0 30
0 26
0 56
0 74
0 73
0 34
0 51
0 79
0 80
0 65
0 70
0 29
0 53
0 44
0 63
0 55
0 25
0 27
0 43
0 19
0 18
0 36
0 38
0 20
0 37
0 46
0 64
0 61
1 95 52
1 96 62
1 97 71
1 98 28
1 4 42
2 96
END_STATE
END_LABELED_STATE
BEGIN_LABELED_STATE
70
BEGIN_STATE
0 21
0 30
0 26
0 56
0 74
0 73
0 34
0 42
0 79
0 80
0 65
0 70
0 29
0 53
0 44
0 63
0 55
0 25
0 27
0 43
0 19
0 18
0 36
0 38
0 20
0 37
0 46
0 64
0 61
1 95 52
1 96 62
1 97 71
1 98 28
1 4 51
2 96
END_STATE
END_LABELED_STATE
BEGIN_LABELED_STATE
69
BEGIN_STATE
0 21
0 30
0 26
0 56
0 74
0 73
0 34
0 51
0 42
0 79
0 80
0 65
0 70
0 29
0 44
0 63
0 55
0 25
0 27
0 43
0 19
0 18
0 36
0 38
0 20
0 37
0 46
0 64
0 61
1 95 53
1 96 62
1 97 71
1 98 28
1 4 52
2 96
END_STATE
END_LABELED_STATE
BEGIN_LABELED_STATE
68
BEGIN_STATE
0 21
0 30
0 26
0 56
0 74
0 73
0 34
0 51
0 42
0 79
0 80
0 65
0 70
0 29
0 44
0 63
0 52
0 55
0 25
0 27
0 43
0 19
0 18
0 36
0 38
0 20
0 37
0 46
0 64
1 95 53
1 96 62
1 97 71
1 98 28
1 4 61
2 96
END_STATE
END_LABELED_STATE
BEGIN_LABELED_STATE
67
BEGIN_STATE
0 21
0 30
0 26
0 56
0 74
0 73
0 34
0 51
0 42
0 79
0 80
0 65
0 70
0 29
0 44
0 52
0 55
0 25
0 27
0 43
0 19
0 18
0 36
0 38
0 20
0 37
0 46
0 64
0 61
1 95 53
1 96 63
1 97 71
1 98 28
1 4 62
2 96
END_STATE
END_LABELED_STATE
BEGIN_LABELED_STATE
66
BEGIN_STATE
0 21
0 30
0 26
0 56
0 74
0 73
0 34
0 51
0 42
0 79
0 80
0 65
0 70
0 29
0 44
0 52
0 55
0 25
0 27
0 43
0 19
0 18
0 36
0 38
0 20
0 37
0 46
0 61
0 62
1 95 53
1 96 64
1 97 71
1 98 28
1 4 63
2 96
END_STATE
END_LABELED_STATE
BEGIN_LABELED_STATE
65
BEGIN_STATE
0 21
0 30
0 26
0 56
0 74
0 73
0 34
0 51
0 42
0 79
0 80
0 65
0 70
0 29
0 44
0 63
0 52
0 55
0 25
0 27
0 43
0 19
0 18
0 36
0 38
0 20
0 37
0 46
0 61
1 95 53
1 96 64
1 97 71
1 98 28
1 4 62
2 96
END_STATE
END_LABELED_STATE
BEGIN_LABELED_STATE
64
BEGIN_STATE
0 21
0 30
0 26
0 56
0 74
0 73
0 34
0 51
0 42
0 79
0 80
0 65
0 70
0 29
0 44
0 63
0 52
0 55
0 25
0 27
0 43
0 19
0 18
0 36
0 38
0 20
0 37
0 46
0 62
1 95 53
1 96 64
1 97 71
1 98 28
1 4 61
2 96
END_STATE
END_LABELED_STATE
BEGIN_LABELED_STATE
63
BEGIN_STATE
0 21
0 30
0 26
0 56
0 74
0 73
0 34
0 51
0 42
0 79
0 80
0 65
0 29
0 44
0 63
0 52
0 55
0 25
0 27
0 43
0 19
0 18
0 36
0 38
0 20
0 37
0 46
0 61
0 62
1 95 53
1 96 64
1 97 71
1 98 28
1 4 70
2 96
END_STATE
END_LABELED_STATE
BEGIN_LABELED_STATE
62
BEGIN_STATE
0 21
0 30
0 26
0 56
0 74
0 73
0 34
0 51
0 42
0 80
0 65
0 70
0 29
0 44
0 63
0 52
0 55
0 25
0 27
0 43
0 19
0 18
0 36
0 38
0 20
0 37
0 46
0 61
0 62
1 95 53
1 96 64
1 97 71
1 98 28
1 4 79
2 96
END_STATE
END_LABELED_STATE
BEGIN_LABELED_STATE
61
BEGIN_STATE
0 21
0 30
0 26
0 56
0 74
0 73
0 34
0 51
0 42
0 79
0 65
0 70
0 29
0 44
0 63
0 52
0 55
0 25
0 27
0 43
0 19
0 18
0 36
0 38
0 20
0 37
0 46
0 61
0 62
1 95 53
1 96 64
1 97 71
1 98 28
1 4 80
2 96
END_STATE
END_LABELED_STATE
BEGIN_LABELED_STATE
60
BEGIN_STATE
0 21
0 30
0 26
0 56
0 74
0 73
0 34
0 51
0 42
0 79
0 80
0 65
0 70
0 29
0 44
0 63
0 52
0 55
0 25
0 27
0 43
0 19
0 18
0 36
0 38
0 20
0 37
0 46
0 61
1 95 53
1 96 64
1 97 62
1 98 28
1 4 71
2 97
2 96
END_STATE
END_LABELED_STATE
BEGIN_LABELED_STATE
59
BEGIN_STATE
0 21
0 30
0 26
0 56
0 74
0 73
0 34
0 51
0 42
0 79
0 80
0 65
0 71
0 29
0 44
0 63
0 52
0 55
0 25
0 27
0 43
0 19
0 18
0 36
0 38
0 20
0 37
0 46
0 61
1 95 53
1 96 64
1 97 62
1 98 28
1 4 70
2 97
2 96
END_STATE
END_LABELED_STATE
BEGIN_LABELED_STATE
58
BEGIN_STATE
0 21
0 30
0 26
0 56
0 74
0 73
0 34
0 51
0 42
0 79
0 80
0 65
0 70
0 71
0 29
0 44
0 63
0 52
0 55
0 25
0 27
0 43
0 19
0 18
0 36
0 38
0 20
0 37
0 46
1 95 53
1 96 64
1 97 62
1 98 28
1 4 61
2 97
2 96
END_STATE
END_LABELED_STATE
BEGIN_LABELED_STATE
57
BEGIN_STATE
0 21
0 30
0 26
0 56
0 74
0 73
0 34
0 51
0 42
0 79
0 80
0 65
0 70
0 71
0 29
0 44
0 63
0 55
0 25
0 27
0 43
0 19
0 18
0 36
0 38
0 20
0 37
0 46
0 61
1 95 53
1 96 64
1 97 62
1 98 28
1 4 52
2 97
2 96
END_STATE
END_LABELED_STATE
BEGIN_LABELED_STATE
56
BEGIN_STATE
0 21
0 30
0 26
0 56
0 74
0 73
0 34
0 51
0 42
0 79
0 80
0 65
0 70
0 71
0 29
0 44
0 63
0 52
0 55
0 25
0 27
0 19
0 18
0 36
0 38
0 20
0 37
0 46
0 61
1 95 53
1 96 64
1 97 62
1 98 28
1 4 43
2 97
2 96
END_STATE
END_LABELED_STATE
BEGIN_LABELED_STATE
55
BEGIN_STATE
0 21
0 30
0 26
0 56
0 74
0 73
0 51
0 42
0 79
0 80
0 65
0 70
0 71
0 29
0 44
0 63
0 52
0 55
0 25
0 27
0 43
0 19
0 18
0 36
0 38
0 20
0 37
0 46
0 61
1 95 53
1 96 64
1 97 62
1 98 28
1 4 34
2 97
2 96
END_STATE
END_LABELED_STATE
BEGIN_LABELED_STATE
54
BEGIN_STATE
0 21
0 30
0 26
0 56
0 74
0 73
0 34
0 51
0 42
0 79
0 80
0 65
0 70
0 71
0 29
0 44
0 63
0 52
0 55
0 27
0 43
0 19
0 18
0 36
0 38
0 20
0 37
0 46
0 61
1 95 53
1 96 64
1 97 62
1 98 28
1 4 25
2 97
2 96
END_STATE
END_LABELED_STATE
BEGIN_LABELED_STATE
53
BEGIN_STATE
0 21
0 30
0 56
0 74
0 73
0 34
0 51
0 42
0 79
0 80
0 65
0 70
0 71
0 29
0 44
0 63
0 52
0 55
0 25
0 27
0 43
0 19
0 18
0 36
0 38
0 20
0 37
0 46
0 61
1 95 53
1 96 64
1 97 62
1 98 28
1 4 26
2 97
2 96
END_STATE
END_LABELED_STATE
BEGIN_LABELED_STATE
52
BEGIN_STATE
0 21
0 30
0 26
0 56
0 74
0 73
0 34
0 51
0 42
0 79
0 80
0 65
0 70
0 71
0 29
0 44
0 63
0 52
0 55
0 25
0 43
0 19
0 18
0 36
0 38
0 20
0 37
0 46
0 61
1 95 53
1 96 64
1 97 62
1 98 28
1 4 27
2 97
2 96
END_STATE
END_LABELED_STATE
BEGIN_LABELED_STATE
51
BEGIN_STATE
0 21
0 30
0 26
0 56
0 74
0 73
0 34
0 51
0 42
0 79
0 80
0 65
0 70
0 71
0 44
0 63
0 52
0 55
0 25
0 27
0 43
0 19
0 18
0 36
0 38
0 20
0 37
0 46
0 61
1 95 53
1 96 64
1 97 62
1 98 29
1 4 28
2 97
2 96
END_STATE
END_LABELED_STATE
BEGIN_LABELED_STATE
50
BEGIN_STATE
0 21
0 30
0 26
0 56
0 74
0 73
0 34
0 51
0 42
0 79
0 80
0 65
0 70
0 71
0 44
0 63
0 52
0 55
0 25
0 27
0 43
0 19
0 18
0 36
0 38
0 20
0 46
0 61
0 28
1 95 53
1 96 64
1 97 62
1 98 29
1 4 37
2 97
2 96
END_STATE
END_LABELED_STATE
BEGIN_LABELED_STATE
49
BEGIN_STATE
0 21
0 30
0 26
0 56
0 74
0 73
0 34
0 51
0 42
0 79
0 80
0 65
0 70
0 71
0 44
0 63
0 52
0 55
0 25
0 27
0 43
0 19
0 18
0 36
0 38
0 20
0 37
0 61
0 28
1 95 53
1 96 64
1 97 62
1 98 29
1 4 46
2 97
2 96
END_STATE
END_LABELED_STATE
BEGIN_LABELED_STATE
48
BEGIN_STATE
0 21
0 30
0 26
0 56
0 74
0 73
0 34
0 51
0 42
0 79
0 80
0 65
0 70
0 71
0 44
0 63
0 52
0 25
0 27
0 43
0 19
0 18
0 36
0 38
0 20
0 37
0 46
0 61
0 28
1 95 53
1 96 64
1 97 62
1 98 29
1 4 55
2 97
2 96
END_STATE
END_LABELED_STATE
BEGIN_LABELED_STATE
47
BEGIN_STATE
0 21
0 30
0 26
0 74
0 73
0 34
0 51
0 42
0 79
0 80
0 65
0 70
0 71
0 44
0 63
0 52
0 55
0 25
0 27
0 43
0 19
0 18
0 36
0 38
0 20
0 37
0 46
0 61
0 28
1 95 53
1 96 64
1 97 62
1 98 29
1 4 56
2 97
2 96
END_STATE
END_LABELED_STATE
BEGIN_LABELED_STATE
46
BEGIN_STATE
0 21
0 30
0 26
0 56
0 74
0 73
0 34
0 51
0 42
0 79
0 80
0 70
0 71
0 44
0 63
0 52
0 55
0 25
0 27
0 43
0 19
0 18
0 36
0 38
0 20
0 37
0 46
0 61
0 28
1 95 53
1 96 64
1 97 62
1 98 29
1 4 65
2 97
2 96
END_STATE
END_LABELED_STATE
BEGIN_LABELED_STATE
45
BEGIN_STATE
0 21
0 30
0 26
0 56
0 73
0 34
0 51
0 42
0 79
0 80
0 65
0 70
0 71
0 44
0 63
0 52
0 55
0 25
0 27
0 43
0 19
0 18
0 36
0 38
0 20
0 37
0 46
0 61
0 28
1 95 53
1 96 64
1 97 62
1 98 29
1 4 74
2 97
2 96
END_STATE
END_LABELED_STATE
BEGIN_LABELED_STATE
44
BEGIN_STATE
0 21
0 30
0 26
0 56
0 74
0 34
0 51
0 42
0 79
0 80
0 65
0 70
0 71
0 44
0 63
0 52
0 55
0 25
0 27
0 43
0 19
0 18
0 36
0 38
0 20
0 37
0 46
0 61
0 28
1 95 53
1 96 64
1 97 62
1 98 29
1 4 73
2 97
2 96
END_STATE
END_LABELED_STATE
BEGIN_LABELED_STATE
43
BEGIN_STATE
0 21
0 30
0 26
0 56
0 74
0 73
0 34
0 51
0 42
0 79
0 80
0 65
0 70
0 71
0 44
0 63
0 52
0 25
0 27
0 43
0 19
0 18
0 36
0 38
0 20
0 37
0 46
0 61
0 28
1 95 53
1 96 55
1 97 62
1 98 29
1 4 64
2 97
END_STATE
END_LABELED_STATE
BEGIN_LABELED_STATE
42
BEGIN_STATE
0 21
0 30
0 26
0 56
0 74
0 73
0 34
0 51
0 42
0 79
0 80
0 65
0 70
0 71
0 44
0 52
0 25
0 27
0 43
0 19
0 18
0 36
0 38
0 20
0 37
0 46
0 64
0 61
0 28
1 95 53
1 96 55
1 97 62
1 98 29
1 4 63
2 97
END_STATE
END_LABELED_STATE
BEGIN_LABELED_STATE
41
BEGIN_STATE
0 21
0 30
0 26
0 56
0 74
0 73
0 34
0 51
0 42
0 79
0 80
0 65
0 70
0 71
0 44
0 63
0 52
0 25
0 27
0 43
0 19
0 18
0 36
0 38
0 20
0 37
0 46
0 64
0 28
1 95 53
1 96 55
1 97 61
1 98 29
1 4 62
2 97
END_STATE
END_LABELED_STATE
BEGIN_LABELED_STATE
40
BEGIN_STATE
0 21
0 30
0 26
0 56
0 74
0 73
0 34
0 51
0 42
0 79
0 80
0 65
0 70
0 71
0 44
0 52
0 25
0 27
0 43
0 19
0 18
0 36
0 38
0 20
0 37
0 46
0 64
0 28
0 62
1 95 53
1 96 55
1 97 61
1 98 29
1 4 63
2 97
END_STATE
END_LABELED_STATE
BEGIN_LABELED_STATE
39
BEGIN_STATE
0 21
0 30
0 26
0 56
0 74
0 73
0 34
0 51
0 42
0 79
0 80
0 65
0 70
0 71
0 44
0 63
0 52
0 25
0 27
0 43
0 19
0 18
0 36
0 38
0 20
0 37
0 46
0 28
0 62
1 95 53
1 96 55
1 97 61
1 98 29
1 4 64
2 97
END_STATE
END_LABELED_STATE
BEGIN_LABELED_STATE
38
BEGIN_STATE
0 21
0 30
0 26
0 56
0 74
0 73
0 34
0 51
0 42
0 79
0 80
0 65
0 70
0 71
0 44
0 63
0 52
0 25
0 27
0 43
0 19
0 18
0 36
0 38
0 20
0 37
0 64
0 28
0 62
1 95 53
1 96 46
1 97 61
1 98 29
1 4 55
2 97
END_STATE
END_LABELED_STATE
BEGIN_LABELED_STATE
37
BEGIN_STATE
0 21
0 30
0 26
0 56
0 74
0 73
0 34
0 51
0 42
0 79
0 80
0 65
0 70
0 71
0 44
0 63
0 52
0 55
0 25
0 27
0 43
0 19
0 18
0 36
0 38
0 20
0 64
0 28
0 62
1 95 53
1 96 37
1 97 61
1 98 29
1 4 46
2 97
END_STATE
END_LABELED_STATE
BEGIN_LABELED_STATE
36
BEGIN_STATE
0 21
0 30
0 26
0 56
0 74
0 73
0 34
0 51
0 42
0 79
0 80
0 65
0 70
0 71
0 44
0 63
0 52
0 55
0 25
0 27
0 43
0 19
0 18
0 36
0 38
0 20
0 46
0 64
0 62
1 95 53
1 96 28
1 97 61
1 98 29
1 4 37
2 97
END_STATE
END_LABELED_STATE
BEGIN_LABELED_STATE
35
BEGIN_STATE
0 21
0 30
0 26
0 56
0 74
0 73
0 34
0 51
0 42
0 79
0 80
0 65
0 70
0 71
0 44
0 63
0 52
0 55
0 25
0 27
0 43
0 19
0 18
0 38
0 20
0 37
0 46
0 64
0 62
1 95 53
1 96 28
1 97 61
1 98 29
1 4 36
2 97
END_STATE
END_LABELED_STATE
BEGIN_LABELED_STATE
34
BEGIN_STATE
0 21
0 30
0 26
0 56
0 74
0 73
0 34
0 51
0 42
0 79
0 80
0 65
0 70
0 71
0 44
0 63
0 52
0 55
0 25
0 43
0 19
0 18
0 36
0 38
0 20
0 37
0 46
0 64
0 62
1 95 53
1 96 28
1 97 61
1 98 29
1 4 27
2 97
END_STATE
END_LABELED_STATE
BEGIN_LABELED_STATE
33
BEGIN_STATE
0 21
0 30
0 26
0 56
0 74
0 73
0 34
0 51
0 42
0 79
0 80
0 65
0 70
0 71
0 44
0 63
0 52
0 55
0 25
0 27
0 43
0 19
0 36
0 38
0 20
0 37
0 46
0 64
0 62
1 95 53
1 96 28
1 97 61
1 98 29
1 4 18
2 97
END_STATE
END_LABELED_STATE
BEGIN_LABELED_STATE
32
BEGIN_STATE
0 21
0 30
0 26
0 56
0 74
0 73
0 34
0 51
0 42
0 79
0 80
0 65
0 70
0 71
0 44
0 63
0 52
0 55
0 25
0 27
0 43
0 18
0 36
0 38
0 20
0 37
0 46
0 64
0 62
1 95 53
1 96 28
1 97 61
1 98 29
1 4 19
2 97
END_STATE
END_LABELED_STATE
BEGIN_LABELED_STATE
31
BEGIN_STATE
0 21
0 30
0 26
0 56
0 74
0 73
0 34
0 51
0 42
0 79
0 80
0 65
0 70
0 71
0 44
0 63
0 52
0 55
0 25
0 27
0 43
0 19
0 18
0 36
0 38
0 20
0 46
0 64
0 62
1 95 53
1 96 37
1 97 61
1 98 29
1 4 28
2 97
END_STATE
END_LABELED_STATE
BEGIN_LABELED_STATE
30
BEGIN_STATE
0 21
0 30
0 26
0 56
0 74
0 73
0 34
0 51
0 42
0 79
0 80
0 65
0 70
0 71
0 44
0 63
0 52
0 55
0 25
0 27
0 43
0 19
0 18
0 36
0 38
0 20
0 64
0 28
0 62
1 95 53
1 96 46
1 97 61
1 98 29
1 4 37
2 97
END_STATE
END_LABELED_STATE
BEGIN_LABELED_STATE
29
BEGIN_STATE
0 21
0 30
0 26
0 56
0 74
0 73
0 34
0 51
0 42
0 79
0 80
0 65
0 70
0 71
0 44
0 63
0 52
0 25
0 27
0 43
0 19
0 18
0 36
0 38
0 20
0 37
0 64
0 28
0 62
1 95 53
1 96 55
1 97 61
1 98 29
1 4 46
2 97
END_STATE
END_LABELED_STATE
BEGIN_LABELED_STATE
28
BEGIN_STATE
0 21
0 30
0 26
0 56
0 74
0 73
0 34
0 51
0 42
0 79
0 80
0 65
0 70
0 71
0 44
0 63
0 52
0 25
0 27
0 43
0 19
0 18
0 36
0 38
0 20
0 37
0 46
0 28
0 62
1 95 53
1 96 64
1 97 61
1 98 29
1 4 55
2 97
2 96
END_STATE
END_LABELED_STATE
BEGIN_LABELED_STATE
27
BEGIN_STATE
0 21
0 30
0 26
0 74
0 73
0 34
0 51
0 42
0 79
0 80
0 65
0 70
0 71
0 44
0 63
0 52
0 55
0 25
0 27
0 43
0 19
0 18
0 36
0 38
0 20
0 37
0 46
0 28
0 62
1 95 53
1 96 64
1 97 61
1 98 29
1 4 56
2 97
2 96
END_STATE
END_LABELED_STATE
BEGIN_LABELED_STATE
26
BEGIN_STATE
0 21
0 30
0 26
0 56
0 74
0 73
0 34
0 51
0 42
0 79
0 80
0 70
0 71
0 44
0 63
0 52
0 55
0 25
0 27
0 43
0 19
0 18
0 36
0 38
0 20
0 37
0 46
0 28
0 62
1 95 53
1 96 64
1 97 61
1 98 29
1 4 65
2 97
2 96
END_STATE
END_LABELED_STATE
BEGIN_LABELED_STATE
25
BEGIN_STATE
0 21
0 30
0 26
0 56
0 74
0 73
0 34
0 51
0 42
0 79
0 80
0 65
0 70
0 71
0 44
0 52
0 55
0 25
0 27
0 43
0 19
0 18
0 36
0 38
0 20
0 37
0 46
0 28
0 62
1 95 53
1 96 63
1 97 61
1 98 29
1 4 64
2 97
2 96
END_STATE
END_LABELED_STATE
BEGIN_LABELED_STATE
24
BEGIN_STATE
0 21
0 30
0 26
0 56
0 74
0 73
0 34
0 51
0 42
0 79
0 80
0 65
0 70
0 71
0 44
0 52
0 25
0 27
0 43
0 19
0 18
0 36
0 38
0 20
0 37
0 46
0 64
0 28
0 62
1 95 53
1 96 63
1 97 61
1 98 29
1 4 55
2 97
2 96
END_STATE
END_LABELED_STATE
BEGIN_LABELED_STATE
23
BEGIN_STATE
0 21
0 30
0 26
0 56
0 74
0 73
0 34
0 51
0 42
0 79
0 80
0 65
0 70
0 71
0 44
0 52
0 55
0 25
0 27
0 43
0 19
0 18
0 36
0 38
0 20
0 37
0 64
0 28
0 62
1 95 53
1 96 63
1 97 61
1 98 29
1 4 46
2 97
2 96
END_STATE
END_LABELED_STATE
BEGIN_LABELED_STATE
22
BEGIN_STATE
0 21
0 30
0 26
0 56
0 74
0 73
0 34
0 51
0 42
0 79
0 80
0 65
0 70
0 71
0 44
0 52
0 55
0 25
0 27
0 43
0 19
0 18
0 36
0 38
0 20
0 46
0 64
0 28
0 62
1 95 53
1 96 63
1 97 61
1 98 29
1 4 37
2 97
2 96
END_STATE
END_LABELED_STATE
BEGIN_LABELED_STATE
21
BEGIN_STATE
0 21
0 30
0 26
0 56
0 74
0 73
0 34
0 51
0 42
0 79
0 80
0 65
0 70
0 71
0 44
0 52
0 55
0 25
0 27
0 43
0 19
0 18
0 36
0 38
0 20
0 37
0 46
0 64
0 62
1 95 53
1 96 63
1 97 61
1 98 29
1 4 28
2 97
2 96
END_STATE
END_LABELED_STATE
BEGIN_LABELED_STATE
20
BEGIN_STATE
0 21
0 30
0 26
0 56
0 74
0 73
0 34
0 51
0 42
0 79
0 80
0 65
0 70
0 71
0 44
0 52
0 55
0 25
0 27
0 43
0 18
0 36
0 38
0 20
0 37
0 46
0 64
0 28
0 62
1 95 53
1 96 63
1 97 61
1 98 29
1 4 19
2 97
2 96
END_STATE
END_LABELED_STATE
BEGIN_LABELED_STATE
19
BEGIN_STATE
0 21
0 30
0 26
0 56
0 74
0 73
0 34
0 51
0 42
0 79
0 80
0 65
0 70
0 71
0 44
0 52
0 55
0 25
0 27
0 43
0 19
0 18
0 36
0 38
0 37
0 46
0 64
0 28
0 62
1 95 53
1 96 63
1 97 61
1 98 29
1 4 20
2 97
2 96
END_STATE
END_LABELED_STATE
BEGIN_LABELED_STATE
18
BEGIN_STATE
0 30
0 26
0 56
0 74
0 73
0 34
0 51
0 42
0 79
0 80
0 65
0 70
0 71
0 44
0 52
0 55
0 25
0 27
0 43
0 19
0 18
0 36
0 38
0 20
0 37
0 46
0 64
0 28
0 62
1 95 53
1 96 63
1 97 61
1 98 29
1 4 21
2 97
2 96
END_STATE
END_LABELED_STATE
BEGIN_LABELED_STATE
17
BEGIN_STATE
0 21
0 26
0 56
0 74
0 73
0 34
0 51
0 42
0 79
0 80
0 65
0 70
0 71
0 44
0 52
0 55
0 25
0 27
0 43
0 19
0 18
0 36
0 38
0 20
0 37
0 46
0 64
0 28
0 62
1 95 53
1 96 63
1 97 61
1 98 29
1 4 30
2 97
2 96
END_STATE
END_LABELED_STATE
BEGIN_LABELED_STATE
16
BEGIN_STATE
0 21
0 30
0 26
0 56
0 74
0 73
0 34
0 51
0 42
0 79
0 80
0 65
0 70
0 71
0 44
0 52
0 55
0 25
0 27
0 43
0 19
0 18
0 36
0 38
0 20
0 37
0 46
0 64
0 62
1 95 53
1 96 63
1 97 61
1 98 28
1 4 29
2 97
2 96
END_STATE
END_LABELED_STATE
BEGIN_LABELED_STATE
15
BEGIN_STATE
0 21
0 30
0 26
0 56
0 74
0 73
0 34
0 51
0 42
0 79
0 80
0 65
0 70
0 71
0 29
0 44
0 52
0 55
0 25
0 27
0 43
0 19
0 18
0 36
0 38
0 37
0 46
0 64
0 62
1 95 53
1 96 63
1 97 61
1 98 28
1 4 20
2 97
2 96
END_STATE
END_LABELED_STATE
BEGIN_LABELED_STATE
14
BEGIN_STATE
0 21
0 30
0 26
0 56
0 74
0 73
0 34
0 51
0 42
0 79
0 80
0 65
0 70
0 71
0 29
0 44
0 52
0 55
0 25
0 27
0 43
0 18
0 36
0 38
0 20
0 37
0 46
0 64
0 62
1 95 53
1 96 63
1 97 61
1 98 28
1 4 19
2 97
2 96
END_STATE
END_LABELED_STATE
BEGIN_LABELED_STATE
13
BEGIN_STATE
0 21
0 30
0 26
0 56
0 74
0 73
0 34
0 51
0 42
0 79
0 80
0 65
0 70
0 71
0 29
0 44
0 52
0 55
0 25
0 27
0 43
0 19
0 18
0 36
0 38
0 20
0 46
0 64
0 62
1 95 53
1 96 63
1 97 61
1 98 37
1 4 28
2 97
2 96
END_STATE
END_LABELED_STATE
BEGIN_LABELED_STATE
12
BEGIN_STATE
0 21
0 30
0 26
0 56
0 74
0 73
0 34
0 51
0 42
0 79
0 80
0 65
0 70
0 71
0 29
0 44
0 52
0 55
0 25
0 27
0 43
0 19
0 18
0 36
0 38
0 20
0 64
0 28
0 62
1 95 53
1 96 63
1 97 61
1 98 46
1 4 37
2 97
2 96
END_STATE
END_LABELED_STATE
BEGIN_LABELED_STATE
11
BEGIN_STATE
0 21
0 30
0 26
0 56
0 74
0 73
0 34
0 51
0 42
0 79
0 80
0 65
0 70
0 71
0 29
0 44
0 52
0 25
0 27
0 43
0 19
0 18
0 36
0 38
0 20
0 37
0 64
0 28
0 62
1 95 53
1 96 63
1 97 61
1 98 55
1 4 46
2 97
2 96
END_STATE
END_LABELED_STATE
BEGIN_LABELED_STATE
10
BEGIN_STATE
0 21
0 30
0 26
0 56
0 74
0 73
0 34
0 51
0 42
0 79
0 80
0 65
0 70
0 71
0 29
0 44
0 52
0 25
0 27
0 43
0 19
0 18
0 36
0 38
0 20
0 37
0 46
0 28
0 62
1 95 53
1 96 63
1 97 61
1 98 64
1 4 55
2 98
2 97
2 96
END_STATE
END_LABELED_STATE
BEGIN_LABELED_STATE
9
BEGIN_STATE
0 21
0 30
0 26
0 56
0 74
0 73
0 34
0 51
0 42
0 79
0 80
0 65
0 70
0 71
0 29
0 44
0 52
0 55
0 25
0 27
0 43
0 19
0 18
0 36
0 38
0 20
0 37
0 28
0 62
1 95 53
1 96 63
1 97 61
1 98 64
1 4 46
2 98
2 97
2 96
END_STATE
END_LABELED_STATE
BEGIN_LABELED_STATE
8
BEGIN_STATE
0 21
0 30
0 26
0 56
0 74
0 73
0 34
0 51
0 42
0 79
0 80
0 65
0 70
0 71
0 29
0 44
0 52
0 55
0 25
0 27
0 43
0 19
0 18
0 36
0 38
0 20
0 46
0 28
0 62
1 95 53
1 96 63
1 97 61
1 98 64
1 4 37
2 98
2 97
2 96
END_STATE
END_LABELED_STATE
BEGIN_LABELED_STATE
7
BEGIN_STATE
0 21
0 30
0 26
0 56
0 74
0 73
0 34
0 51
0 42
0 79
0 80
0 65
0 70
0 71
0 29
0 44
0 52
0 55
0 25
0 27
0 43
0 19
0 18
0 38
0 20
0 37
0 46
0 28
0 62
1 95 53
1 96 63
1 97 61
1 98 64
1 4 36
2 98
2 97
2 96
END_STATE
END_LABELED_STATE
BEGIN_LABELED_STATE
6
BEGIN_STATE
0 21
0 30
0 26
0 56
0 74
0 73
0 34
0 51
0 42
0 79
0 80
0 65
0 70
0 71
0 29
0 44
0 52
0 55
0 25
0 43
0 19
0 18
0 36
0 38
0 20
0 37
0 46
0 28
0 62
1 95 53
1 96 63
1 97 61
1 98 64
1 4 27
2 98
2 97
2 96
END_STATE
END_LABELED_STATE
BEGIN_LABELED_STATE
5
BEGIN_STATE
0 21
0 30
0 56
0 74
0 73
0 34
0 51
0 42
0 79
0 80
0 65
0 70
0 71
0 29
0 44
0 52
0 55
0 25
0 27
0 43
0 19
0 18
0 36
0 38
0 20
0 37
0 46
0 28
0 62
1 95 53
1 96 63
1 97 61
1 98 64
1 4 26
2 98
2 97
2 96
END_STATE
END_LABELED_STATE
BEGIN_LABELED_STATE
4
BEGIN_STATE
0 21
0 30
0 26
0 56
0 74
0 73
0 34
0 51
0 42
0 79
0 80
0 65
0 70
0 71
0 29
0 44
0 52
0 55
0 27
0 43
0 19
0 18
0 36
0 38
0 20
0 37
0 46
0 28
0 62
1 95 53
1 96 63
1 97 61
1 98 64
1 4 25
2 98
2 97
2 96
END_STATE
END_LABELED_STATE
BEGIN_LABELED_STATE
3
BEGIN_STATE
0 21
0 30
0 26
0 56
0 74
0 73
0 51
0 42
0 79
0 80
0 65
0 70
0 71
0 29
0 44
0 52
0 55
0 25
0 27
0 43
0 19
0 18
0 36
0 38
0 20
0 37
0 46
0 28
0 62
1 95 53
1 96 63
1 97 61
1 98 64
1 4 34
2 98
2 97
2 96
END_STATE
END_LABELED_STATE
BEGIN_LABELED_STATE
2
BEGIN_STATE
0 21
0 30
0 26
0 56
0 74
0 73
0 34
0 51
0 42
0 79
0 80
0 65
0 70
0 71
0 29
0 44
0 52
0 55
0 25
0 27
0 19
0 18
0 36
0 38
0 20
0 37
0 46
0 28
0 62
1 95 53
1 96 63
1 97 61
1 98 64
1 4 43
2 98
2 97
2 96
END_STATE
END_LABELED_STATE
BEGIN_LABELED_STATE
1
BEGIN_STATE
0 21
0 30
0 26
0 56
0 74
0 73
0 34
0 51
0 42
0 79
0 80
0 65
0 70
0 71
0 29
0 52
0 55
0 25
0 27
0 43
0 19
0 18
0 36
0 38
0 20
0 37
0 46
0 28
0 62
1 95 53
1 96 63
1 97 61
1 98 64
1 4 44
2 98
2 97
2 96
END_STATE
END_LABELED_STATE
BEGIN_LABELED_STATE
0
BEGIN_STATE
0 21
0 30
0 26
0 56
0 74
0 73
0 34
0 51
0 42
0 79
0 80
0 65
0 70
0 71
0 29
0 44
0 52
0 55
0 25
0 27
0 43
0 19
0 18
0 36
0 38
0 20
0 37
0 46
0 28
1 95 62
1 96 63
1 97 61
1 98 64
1 4 53
2 98
2 97
2 96
2 95
END_STATE
END_LABELED_STATE
END_STATE_LIST
