BEGIN_TYPES
0 -1 object
1 0 thing
2 0 location
3 0 direction
4 1 player
5 1 stone
END_TYPES
BEGIN_OBJECTS
0 3 dir-down
1 3 dir-left
2 3 dir-right
3 3 dir-up
4 4 player-01
5 2 pos-01-01
6 2 pos-01-02
7 2 pos-01-03
8 2 pos-01-04
9 2 pos-01-05
10 2 pos-01-06
11 2 pos-01-07
12 2 pos-01-08
13 2 pos-01-09
14 2 pos-01-10
15 2 pos-02-01
16 2 pos-02-02
17 2 pos-02-03
18 2 pos-02-04
19 2 pos-02-05
20 2 pos-02-06
21 2 pos-02-07
22 2 pos-02-08
23 2 pos-02-09
24 2 pos-02-10
25 2 pos-03-01
26 2 pos-03-02
27 2 pos-03-03
28 2 pos-03-04
29 2 pos-03-05
30 2 pos-03-06
31 2 pos-03-07
32 2 pos-03-08
33 2 pos-03-09
34 2 pos-03-10
35 2 pos-04-01
36 2 pos-04-02
37 2 pos-04-03
38 2 pos-04-04
39 2 pos-04-05
40 2 pos-04-06
41 2 pos-04-07
42 2 pos-04-08
43 2 pos-04-09
44 2 pos-04-10
45 2 pos-05-01
46 2 pos-05-02
47 2 pos-05-03
48 2 pos-05-04
49 2 pos-05-05
50 2 pos-05-06
51 2 pos-05-07
52 2 pos-05-08
53 2 pos-05-09
54 2 pos-05-10
55 2 pos-06-01
56 2 pos-06-02
57 2 pos-06-03
58 2 pos-06-04
59 2 pos-06-05
60 2 pos-06-06
61 2 pos-06-07
62 2 pos-06-08
63 2 pos-06-09
64 2 pos-06-10
65 2 pos-07-01
66 2 pos-07-02
67 2 pos-07-03
68 2 pos-07-04
69 2 pos-07-05
70 2 pos-07-06
71 2 pos-07-07
72 2 pos-07-08
73 2 pos-07-09
74 2 pos-07-10
75 2 pos-08-01
76 2 pos-08-02
77 2 pos-08-03
78 2 pos-08-04
79 2 pos-08-05
80 2 pos-08-06
81 2 pos-08-07
82 2 pos-08-08
83 2 pos-08-09
84 2 pos-08-10
85 2 pos-09-01
86 2 pos-09-02
87 2 pos-09-03
88 2 pos-09-04
89 2 pos-09-05
90 2 pos-09-06
91 2 pos-09-07
92 2 pos-09-08
93 2 pos-09-09
94 2 pos-09-10
95 2 pos-10-01
96 2 pos-10-02
97 2 pos-10-03
98 2 pos-10-04
99 2 pos-10-05
100 2 pos-10-06
101 2 pos-10-07
102 2 pos-10-08
103 2 pos-10-09
104 2 pos-10-10
105 2 pos-11-01
106 2 pos-11-02
107 2 pos-11-03
108 2 pos-11-04
109 2 pos-11-05
110 2 pos-11-06
111 2 pos-11-07
112 2 pos-11-08
113 2 pos-11-09
114 2 pos-11-10
115 2 pos-12-01
116 2 pos-12-02
117 2 pos-12-03
118 2 pos-12-04
119 2 pos-12-05
120 2 pos-12-06
121 2 pos-12-07
122 2 pos-12-08
123 2 pos-12-09
124 2 pos-12-10
125 5 stone-01
126 5 stone-02
127 5 stone-03
128 5 stone-04
END_OBJECTS
BEGIN_PREDICATES
0 2 clear
1 1 2 at
2 5 at-goal
3 2 is-goal
4 2 is-nongoal
5 2 2 3 move-dir
END_PREDICATES
BEGIN_GOAL
2 125
2 126
2 127
2 128
END_GOAL
BEGIN_ACTIONS
END_ACTIONS
BEGIN_STATIC_FACTS
5 18 17 3
5 107 97 1
5 102 101 3
5 27 28 0
5 48 58 2
4 74
4 104
4 71
5 42 43 0
4 96
4 110
0 94
5 80 81 0
4 9
4 5
5 38 39 0
5 21 11 1
5 53 52 3
4 72
5 97 107 2
4 46
4 43
5 22 23 0
4 40
4 15
5 104 94 1
5 39 38 3
0 10
5 112 102 1
5 45 35 1
5 97 96 3
5 96 106 2
4 73
5 69 79 2
4 95
4 38
5 112 111 3
5 62 61 3
5 72 71 3
4 97
3 80
4 45
4 54
5 38 28 1
4 29
4 7
5 71 72 0
4 102
0 114
5 14 13 3
4 84
4 99
5 84 94 2
5 52 53 0
4 70
4 120
4 25
4 11
0 75
5 13 14 0
5 111 112 0
5 18 28 2
5 101 111 2
4 108
5 79 80 0
5 97 98 0
4 121
4 52
5 96 97 0
4 28
4 21
4 64
5 69 68 3
4 47
5 81 82 0
5 60 61 0
5 70 80 2
4 6
5 58 59 0
4 122
4 118
4 36
5 81 80 3
4 50
5 114 124 2
4 65
5 60 70 2
4 83
5 62 72 2
4 77
5 48 38 1
4 86
4 24
5 70 60 1
5 108 107 3
4 30
4 101
4 61
4 111
4 100
0 22
5 67 77 2
5 100 101 0
5 28 38 2
5 10 20 2
5 14 24 2
5 102 92 1
5 80 79 3
4 18
4 13
4 119
4 56
0 14
4 109
4 78
4 115
4 113
5 92 102 2
5 42 41 3
5 68 67 3
4 62
5 82 92 2
4 81
4 82
5 61 71 2
0 12
4 33
4 69
5 65 55 1
5 43 42 3
5 84 74 1
5 68 58 1
4 117
4 67
5 67 68 0
4 37
5 25 15 1
5 65 75 2
0 35
5 40 39 3
5 69 59 1
5 24 23 3
5 41 42 0
5 23 24 0
5 70 69 3
4 90
4 94
5 25 35 2
5 52 42 1
3 59
0 124
5 58 68 2
0 55
5 99 98 3
0 20
0 23
5 52 62 2
5 41 40 3
5 94 104 2
4 10
5 75 65 1
5 106 107 0
4 106
5 23 13 1
5 20 10 1
4 89
0 74
0 104
5 40 41 0
4 31
0 5
5 79 69 1
5 24 14 1
5 11 10 3
5 28 27 3
5 39 40 0
5 59 58 3
4 114
5 87 77 1
4 49
4 51
5 82 81 3
5 11 12 0
0 15
4 88
4 27
4 123
5 10 11 0
4 68
5 59 60 0
4 92
5 106 96 1
5 38 48 2
5 70 71 0
4 75
5 21 20 3
5 45 55 2
3 79
5 28 18 1
5 102 112 2
5 68 69 0
5 81 71 1
5 100 99 3
5 72 82 2
0 45
4 66
5 55 65 2
3 60
5 98 97 3
5 107 108 0
4 107
5 11 21 2
5 35 45 2
5 101 102 0
4 112
0 84
5 108 98 1
5 77 87 2
5 124 114 1
5 23 22 3
0 25
0 11
5 71 81 2
5 21 22 0
5 53 43 1
4 91
5 59 69 2
0 21
5 37 27 1
5 80 70 1
4 87
4 85
5 15 25 2
5 37 38 0
5 71 61 1
5 101 100 3
4 44
4 93
5 13 12 3
4 22
5 5 15 2
5 111 101 1
4 58
5 92 82 1
4 39
5 114 104 1
5 17 27 2
5 99 100 0
5 38 37 3
0 65
5 43 53 2
4 57
4 16
4 32
4 34
4 14
5 22 21 3
5 77 67 1
0 24
4 63
4 26
5 58 48 1
5 71 70 3
5 104 114 2
5 107 106 3
5 61 60 3
5 61 62 0
4 48
5 12 11 3
4 12
5 27 17 1
5 72 62 1
5 82 72 1
5 94 84 1
4 42
5 15 5 1
4 103
0 13
4 98
4 53
4 41
5 98 99 0
5 12 13 0
4 35
5 74 84 2
5 62 52 1
5 69 70 0
5 98 108 2
4 17
5 97 87 1
5 27 37 2
4 8
4 116
4 76
5 20 21 0
4 124
4 55
5 42 52 2
4 19
4 20
4 23
4 105
5 35 25 1
5 87 97 2
5 13 23 2
5 17 18 0
5 60 59 3
5 12 22 2
5 22 12 1
5 55 45 1
END_STATIC_FACTS
BEGIN_STATE_LIST
BEGIN_LABELED_STATE
0
BEGIN_STATE
0 53
0 111
0 96
0 106
0 77
0 107
0 101
0 87
0 99
0 100
0 71
0 39
0 48
0 69
0 68
0 40
0 81
0 61
0 80
0 38
1 126 28
1 128 58
1 125 18
1 127 80
1 4 107
2 128
2 127
2 126
2 125
END_STATE
END_LABELED_STATE
BEGIN_LABELED_STATE
0
BEGIN_STATE
0 111
0 17
0 96
0 106
0 77
0 107
0 87
0 99
0 37
0 67
0 102
0 92
0 48
0 69
0 42
0 79
0 58
0 72
1 126 39
1 128 79
1 125 106
1 127 42
1 4 99
2 128
2 127
2 126
2 125
END_STATE
END_LABELED_STATE
BEGIN_LABELED_STATE
0
BEGIN_STATE
0 53
0 111
0 106
0 100
0 98
0 43
0 37
0 28
0 52
0 71
0 67
0 102
0 92
0 41
0 69
0 42
0 79
0 59
0 61
0 70
0 72
0 38
0 60
0 82
1 126 82
1 128 39
1 125 42
1 127 112
1 4 102
2 128
2 127
2 126
2 125
END_STATE
END_LABELED_STATE
BEGIN_LABELED_STATE
1
BEGIN_STATE
0 53
0 111
0 17
0 106
0 77
0 101
0 87
0 99
0 100
0 97
0 43
0 112
0 18
0 37
0 52
0 67
0 92
0 68
0 40
0 59
0 81
0 61
0 70
0 58
0 38
0 82
1 126 43
1 128 70
1 125 69
1 127 40
1 4 79
2 128
2 127
2 126
END_STATE
END_LABELED_STATE
BEGIN_LABELED_STATE
0
BEGIN_STATE
0 53
0 111
0 17
0 106
0 77
0 101
0 87
0 99
0 100
0 97
0 43
0 112
0 18
0 37
0 52
0 67
0 92
0 68
0 40
0 79
0 81
0 61
0 70
0 58
0 38
0 82
1 126 43
1 128 70
1 125 59
1 127 40
1 4 69
2 128
2 127
2 126
2 125
END_STATE
END_LABELED_STATE
BEGIN_LABELED_STATE
0
BEGIN_STATE
0 111
0 108
0 77
0 101
0 87
0 100
0 97
0 43
0 112
0 52
0 71
0 102
0 41
0 39
0 48
0 69
0 72
0 60
0 82
0 62
1 126 37
1 128 67
1 125 81
1 127 106
1 4 112
2 128
2 127
2 126
2 125
END_STATE
END_LABELED_STATE
BEGIN_LABELED_STATE
0
BEGIN_STATE
0 53
0 111
0 17
0 107
0 101
0 87
0 99
0 100
0 18
0 28
0 52
0 71
0 102
0 41
0 48
0 69
0 68
0 42
0 59
0 81
0 80
0 72
0 60
0 82
0 62
1 126 52
1 128 28
1 125 98
1 127 60
1 4 17
2 128
2 127
2 126
2 125
END_STATE
END_LABELED_STATE
BEGIN_LABELED_STATE
0
BEGIN_STATE
0 17
0 96
0 106
0 108
0 77
0 107
0 87
0 98
0 97
0 18
0 37
0 41
0 48
0 81
0 61
0 70
0 58
0 60
0 82
1 126 18
1 128 60
1 125 48
1 127 70
1 4 53
2 128
2 127
2 126
2 125
END_STATE
END_LABELED_STATE
BEGIN_LABELED_STATE
0
BEGIN_STATE
0 53
0 111
0 27
0 77
0 107
0 100
0 18
0 37
0 28
0 67
0 41
0 39
0 48
0 40
0 79
0 61
0 58
0 72
0 38
0 82
0 62
1 126 61
1 128 81
1 125 52
1 127 28
1 4 100
2 128
2 127
2 126
2 125
END_STATE
END_LABELED_STATE
BEGIN_LABELED_STATE
0
BEGIN_STATE
0 53
0 111
0 17
0 96
0 106
0 108
0 77
0 107
0 101
0 87
0 100
0 98
0 97
0 43
0 37
0 71
0 102
0 41
0 39
0 48
0 69
0 79
0 59
0 58
0 60
0 82
0 62
1 126 58
1 128 80
1 125 41
1 127 60
1 4 59
2 128
2 127
2 126
2 125
END_STATE
END_LABELED_STATE
BEGIN_LABELED_STATE
3
BEGIN_STATE
0 53
0 111
0 27
0 96
0 108
0 107
0 87
0 100
0 97
0 37
0 71
0 92
0 41
0 40
0 42
0 59
0 81
0 61
0 58
0 72
0 60
0 82
0 62
1 126 28
1 128 60
1 125 61
1 127 62
1 4 59
2 127
2 126
2 125
END_STATE
END_LABELED_STATE
BEGIN_LABELED_STATE
2
BEGIN_STATE
0 53
0 111
0 27
0 96
0 108
0 107
0 87
0 100
0 97
0 37
0 71
0 92
0 41
0 40
0 42
0 59
0 81
0 61
0 58
0 72
0 82
0 62
1 126 28
1 128 60
1 125 61
1 127 62
1 4 60
2 127
2 126
2 125
END_STATE
END_LABELED_STATE
BEGIN_LABELED_STATE
1
BEGIN_STATE
0 53
0 111
0 27
0 96
0 108
0 107
0 87
0 100
0 97
0 37
0 71
0 92
0 41
0 40
0 42
0 59
0 81
0 58
0 72
0 60
0 82
0 62
1 126 28
1 128 60
1 125 61
1 127 62
1 4 61
2 127
2 126
2 125
END_STATE
END_LABELED_STATE
BEGIN_LABELED_STATE
0
BEGIN_STATE
0 53
0 111
0 27
0 96
0 108
0 107
0 87
0 100
0 97
0 37
0 71
0 92
0 41
0 40
0 42
0 81
0 61
0 58
0 72
0 60
0 82
0 62
1 126 28
1 128 59
1 125 61
1 127 62
1 4 60
2 128
2 127
2 126
2 125
END_STATE
END_LABELED_STATE
BEGIN_LABELED_STATE
2
BEGIN_STATE
0 53
0 111
0 17
0 27
0 106
0 108
0 77
0 107
0 101
0 99
0 100
0 98
0 112
0 37
0 67
0 41
0 68
0 40
0 79
0 59
0 81
0 70
0 58
0 80
0 60
0 82
0 62
1 126 72
1 128 18
1 125 70
1 127 98
1 4 70
2 128
2 127
2 126
END_STATE
END_LABELED_STATE
BEGIN_LABELED_STATE
1
BEGIN_STATE
0 53
0 111
0 17
0 27
0 106
0 108
0 77
0 107
0 101
0 99
0 100
0 98
0 112
0 37
0 67
0 41
0 68
0 40
0 79
0 59
0 81
0 70
0 58
0 60
0 82
0 62
1 126 72
1 128 18
1 125 70
1 127 98
1 4 80
2 128
2 127
2 126
END_STATE
END_LABELED_STATE
BEGIN_LABELED_STATE
0
BEGIN_STATE
0 53
0 111
0 17
0 27
0 106
0 108
0 77
0 107
0 101
0 99
0 100
0 98
0 112
0 37
0 67
0 41
0 68
0 40
0 79
0 59
0 81
0 70
0 58
0 80
0 82
0 62
1 126 72
1 128 18
1 125 60
1 127 98
1 4 70
2 128
2 127
2 126
2 125
END_STATE
END_LABELED_STATE
BEGIN_LABELED_STATE
0
BEGIN_STATE
0 53
0 111
0 17
0 27
0 96
0 108
0 77
0 101
0 87
0 100
0 98
0 97
0 18
0 52
0 67
0 102
0 92
0 41
0 68
0 42
0 79
0 59
0 81
0 61
0 70
0 82
1 126 72
1 128 37
1 125 108
1 127 43
1 4 58
2 128
2 127
2 126
2 125
END_STATE
END_LABELED_STATE
BEGIN_LABELED_STATE
0
BEGIN_STATE
0 53
0 17
0 27
0 106
0 108
0 101
0 99
0 97
0 43
0 112
0 18
0 52
0 71
0 41
0 48
0 69
0 40
0 59
0 81
0 61
0 70
0 58
0 80
0 72
0 38
0 82
0 62
1 126 39
1 128 70
1 125 87
1 127 87
1 4 101
2 128
2 127
2 126
2 125
END_STATE
END_LABELED_STATE
BEGIN_LABELED_STATE
0
BEGIN_STATE
0 53
0 111
0 27
0 96
0 108
0 101
0 18
0 37
0 52
0 102
0 92
0 39
0 48
0 59
0 58
0 80
0 72
0 38
0 62
1 126 37
1 128 70
1 125 52
1 127 59
1 4 111
2 128
2 127
2 126
2 125
END_STATE
END_LABELED_STATE
BEGIN_LABELED_STATE
5
BEGIN_STATE
0 111
0 17
0 96
0 108
0 101
0 99
0 97
0 18
0 37
0 52
0 71
0 67
0 92
0 48
0 69
0 40
0 59
0 81
0 58
0 80
0 72
0 60
0 82
1 126 39
1 128 70
1 125 112
1 127 37
1 4 38
2 127
2 126
2 125
END_STATE
END_LABELED_STATE
BEGIN_LABELED_STATE
4
BEGIN_STATE
0 111
0 17
0 96
0 108
0 101
0 99
0 97
0 18
0 37
0 52
0 71
0 67
0 92
0 69
0 40
0 59
0 81
0 58
0 80
0 72
0 38
0 60
0 82
1 126 39
1 128 70
1 125 112
1 127 37
1 4 48
2 127
2 126
2 125
END_STATE
END_LABELED_STATE
BEGIN_LABELED_STATE
3
BEGIN_STATE
0 111
0 17
0 96
0 108
0 101
0 99
0 97
0 18
0 37
0 52
0 71
0 67
0 92
0 48
0 69
0 40
0 59
0 81
0 80
0 72
0 38
0 60
0 82
1 126 39
1 128 70
1 125 112
1 127 37
1 4 58
2 127
2 126
2 125
END_STATE
END_LABELED_STATE
BEGIN_LABELED_STATE
2
BEGIN_STATE
0 111
0 17
0 96
0 108
0 101
0 99
0 97
0 18
0 37
0 52
0 71
0 67
0 92
0 48
0 69
0 40
0 81
0 58
0 80
0 72
0 38
0 60
0 82
1 126 39
1 128 70
1 125 112
1 127 37
1 4 59
2 127
2 126
2 125
END_STATE
END_LABELED_STATE
BEGIN_LABELED_STATE
1
BEGIN_STATE
0 111
0 17
0 96
0 108
0 101
0 99
0 97
0 18
0 37
0 52
0 71
0 67
0 92
0 48
0 69
0 40
0 59
0 81
0 58
0 80
0 72
0 38
0 82
1 126 39
1 128 70
1 125 112
1 127 37
1 4 60
2 127
2 126
2 125
END_STATE
END_LABELED_STATE
BEGIN_LABELED_STATE
0
BEGIN_STATE
0 111
0 17
0 96
0 108
0 101
0 99
0 97
0 18
0 37
0 52
0 71
0 67
0 92
0 48
0 69
0 40
0 59
0 81
0 58
0 72
0 38
0 60
0 82
1 126 39
1 128 80
1 125 112
1 127 37
1 4 70
2 128
2 127
2 126
2 125
END_STATE
END_LABELED_STATE
BEGIN_LABELED_STATE
0
BEGIN_STATE
0 53
0 17
0 27
0 108
0 101
0 99
0 100
0 98
0 43
0 67
0 102
0 92
0 48
0 40
0 59
0 61
0 38
0 82
0 62
1 126 71
1 128 82
1 125 106
1 127 61
1 4 39
2 128
2 127
2 126
2 125
END_STATE
END_LABELED_STATE
BEGIN_LABELED_STATE
0
BEGIN_STATE
0 17
0 106
0 101
0 87
0 99
0 28
0 52
0 92
0 39
0 40
0 79
0 59
0 81
0 61
0 58
0 38
0 60
0 82
0 62
1 126 70
1 128 39
1 125 18
1 127 48
1 4 67
2 128
2 127
2 126
2 125
END_STATE
END_LABELED_STATE
BEGIN_LABELED_STATE
0
BEGIN_STATE
0 53
0 111
0 27
0 96
0 108
0 107
0 87
0 100
0 97
0 43
0 18
0 37
0 28
0 52
0 102
0 92
0 39
0 68
0 40
0 79
0 81
0 70
0 58
0 80
0 62
1 126 61
1 128 82
1 125 42
1 127 97
1 4 82
2 128
2 127
2 126
2 125
END_STATE
END_LABELED_STATE
BEGIN_LABELED_STATE
0
BEGIN_STATE
0 53
0 111
0 27
0 106
0 98
0 97
0 43
0 18
0 37
0 28
0 52
0 71
0 102
0 92
0 39
0 68
0 42
0 81
0 61
0 70
0 58
0 38
0 60
0 62
1 126 43
1 128 92
1 125 106
1 127 62
1 4 43
2 128
2 127
2 126
2 125
END_STATE
END_LABELED_STATE
BEGIN_LABELED_STATE
0
BEGIN_STATE
0 111
0 17
0 27
0 96
0 106
0 108
0 77
0 107
0 101
0 100
0 98
0 97
0 112
0 18
0 102
0 39
0 48
0 69
0 68
0 40
0 42
0 81
0 70
0 58
0 72
0 82
1 126 60
1 128 43
1 125 92
1 127 18
1 4 40
2 128
2 127
2 126
2 125
END_STATE
END_LABELED_STATE
BEGIN_LABELED_STATE
0
BEGIN_STATE
0 53
0 27
0 96
0 106
0 108
0 77
0 107
0 101
0 87
0 99
0 100
0 98
0 43
0 28
0 52
0 71
0 67
0 92
0 39
0 48
0 68
0 81
0 61
0 70
0 58
0 72
0 60
0 62
1 126 62
1 128 92
1 125 71
1 127 40
1 4 99
2 128
2 127
2 126
2 125
END_STATE
END_LABELED_STATE
BEGIN_LABELED_STATE
0
BEGIN_STATE
0 96
0 107
0 87
0 99
0 98
0 43
0 18
0 28
0 52
0 71
0 67
0 92
0 41
0 42
0 79
0 59
0 81
0 70
0 80
0 72
0 60
1 126 42
1 128 40
1 125 41
1 127 107
1 4 92
2 128
2 127
2 126
2 125
END_STATE
END_LABELED_STATE
BEGIN_LABELED_STATE
0
BEGIN_STATE
0 53
0 96
0 101
0 87
0 99
0 98
0 43
0 52
0 39
0 69
0 79
0 59
0 81
0 80
0 72
0 38
0 60
0 82
0 62
1 126 71
1 128 58
1 125 68
1 127 60
1 4 68
2 128
2 127
2 126
2 125
END_STATE
END_LABELED_STATE
BEGIN_LABELED_STATE
0
BEGIN_STATE
0 53
0 111
0 17
0 106
0 107
0 101
0 87
0 97
0 28
0 52
0 67
0 92
0 68
0 42
0 80
0 72
0 60
0 82
0 62
1 126 112
1 128 52
1 125 107
1 127 39
1 4 38
2 128
2 127
2 126
2 125
END_STATE
END_LABELED_STATE
BEGIN_LABELED_STATE
0
BEGIN_STATE
0 53
0 17
0 101
0 99
0 97
0 43
0 37
0 28
0 71
0 92
0 41
0 39
0 68
0 40
0 42
0 81
0 38
0 60
1 126 80
1 128 52
1 125 41
1 127 48
1 4 41
2 128
2 127
2 126
2 125
END_STATE
END_LABELED_STATE
BEGIN_LABELED_STATE
0
BEGIN_STATE
0 111
0 17
0 27
0 96
0 108
0 101
0 87
0 100
0 97
0 112
0 37
0 28
0 71
0 102
0 41
0 61
0 80
0 62
1 126 61
1 128 42
1 125 48
1 127 106
1 4 111
2 128
2 127
2 126
2 125
END_STATE
END_LABELED_STATE
BEGIN_LABELED_STATE
0
BEGIN_STATE
0 111
0 17
0 27
0 96
0 107
0 101
0 112
0 37
0 52
0 71
0 92
0 48
0 68
0 40
0 61
0 58
0 72
0 82
1 126 52
1 128 62
1 125 43
1 127 70
1 4 87
2 128
2 127
2 126
2 125
END_STATE
END_LABELED_STATE
BEGIN_LABELED_STATE
5
BEGIN_STATE
0 53
0 17
0 27
0 106
0 108
0 77
0 107
0 101
0 87
0 100
0 97
0 43
0 112
0 18
0 28
0 52
0 71
0 39
0 48
0 69
0 40
0 79
0 59
0 81
0 61
0 70
0 58
0 80
0 38
0 60
0 82
1 126 71
1 128 18
1 125 60
1 127 61
1 4 92
2 128
2 127
2 126
END_STATE
END_LABELED_STATE
BEGIN_LABELED_STATE
4
BEGIN_STATE
0 53
0 17
0 27
0 106
0 108
0 77
0 107
0 101
0 87
0 100
0 97
0 43
0 112
0 18
0 28
0 52
0 71
0 92
0 39
0 48
0 69
0 40
0 79
0 59
0 81
0 61
0 70
0 58
0 80
0 38
0 60
1 126 71
1 128 18
1 125 60
1 127 61
1 4 82
2 128
2 127
2 126
END_STATE
END_LABELED_STATE
BEGIN_LABELED_STATE
3
BEGIN_STATE
0 53
0 17
0 27
0 106
0 108
0 77
0 107
0 101
0 87
0 100
0 97
0 43
0 112
0 18
0 28
0 52
0 71
0 92
0 39
0 48
0 69
0 40
0 79
0 59
0 61
0 70
0 58
0 80
0 38
0 60
0 82
1 126 71
1 128 18
1 125 60
1 127 61
1 4 81
2 128
2 127
2 126
END_STATE
END_LABELED_STATE
BEGIN_LABELED_STATE
2
BEGIN_STATE
0 53
0 17
0 27
0 106
0 108
0 77
0 107
0 101
0 87
0 100
0 97
0 43
0 112
0 18
0 28
0 52
0 92
0 39
0 48
0 69
0 40
0 79
0 59
0 81
0 61
0 70
0 58
0 80
0 38
0 60
0 82
1 126 71
1 128 18
1 125 60
1 127 61
1 4 71
2 128
2 127
2 126
END_STATE
END_LABELED_STATE
BEGIN_LABELED_STATE
1
BEGIN_STATE
0 53
0 17
0 27
0 106
0 108
0 77
0 107
0 101
0 87
0 100
0 97
0 43
0 112
0 18
0 28
0 52
0 71
0 92
0 39
0 48
0 69
0 40
0 79
0 59
0 81
0 70
0 58
0 80
0 38
0 60
0 82
1 126 71
1 128 18
1 125 60
1 127 61
1 4 61
2 128
2 127
2 126
END_STATE
END_LABELED_STATE
BEGIN_LABELED_STATE
0
BEGIN_STATE
0 53
0 17
0 27
0 106
0 108
0 77
0 107
0 101
0 87
0 100
0 97
0 43
0 112
0 18
0 28
0 52
0 71
0 92
0 39
0 48
0 69
0 40
0 79
0 81
0 61
0 70
0 58
0 80
0 38
0 60
0 82
1 126 71
1 128 18
1 125 59
1 127 61
1 4 60
2 128
2 127
2 126
2 125
END_STATE
END_LABELED_STATE
BEGIN_LABELED_STATE
0
BEGIN_STATE
0 111
0 27
0 96
0 108
0 101
0 99
0 98
0 97
0 43
0 37
0 67
0 48
0 69
0 40
0 42
0 61
0 70
0 58
0 38
0 82
0 62
1 126 60
1 128 92
1 125 112
1 127 71
1 4 101
2 128
2 127
2 126
2 125
END_STATE
END_LABELED_STATE
BEGIN_LABELED_STATE
0
BEGIN_STATE
0 111
0 17
0 96
0 106
0 108
0 101
0 98
0 97
0 112
0 37
0 52
0 71
0 67
0 39
0 48
0 68
0 40
0 42
0 79
0 59
0 81
0 70
0 58
0 80
0 72
0 38
0 60
0 82
1 126 52
1 128 18
1 125 82
1 127 70
1 4 77
2 128
2 127
2 126
2 125
END_STATE
END_LABELED_STATE
BEGIN_LABELED_STATE
0
BEGIN_STATE
0 53
0 111
0 27
0 96
0 108
0 107
0 101
0 43
0 28
0 52
0 92
0 39
0 69
0 40
0 42
0 61
0 70
0 58
0 80
0 72
0 38
1 126 48
1 128 112
1 125 92
1 127 40
1 4 106
2 128
2 127
2 126
2 125
END_STATE
END_LABELED_STATE
BEGIN_LABELED_STATE
0
BEGIN_STATE
0 17
0 77
0 107
0 99
0 97
0 18
0 28
0 52
0 102
0 92
0 39
0 48
0 69
0 40
0 42
0 59
0 81
0 61
0 58
0 80
0 38
0 60
0 82
1 126 79
1 128 80
1 125 38
1 127 81
1 4 40
2 128
2 127
2 126
2 125
END_STATE
END_LABELED_STATE
BEGIN_LABELED_STATE
0
BEGIN_STATE
0 111
0 17
0 27
0 106
0 101
0 87
0 97
0 28
0 67
0 92
0 48
0 42
0 59
0 70
0 58
0 72
0 62
1 126 67
1 128 72
1 125 77
1 127 106
1 4 62
2 128
2 127
2 126
2 125
END_STATE
END_LABELED_STATE
BEGIN_LABELED_STATE
0
BEGIN_STATE
0 101
0 87
0 97
0 43
0 112
0 28
0 67
0 102
0 92
0 41
0 69
0 68
0 40
0 42
0 59
0 58
0 80
0 72
0 38
0 82
0 62
1 126 28
1 128 41
1 125 79
1 127 112
1 4 18
2 128
2 127
2 126
2 125
END_STATE
END_LABELED_STATE
BEGIN_LABELED_STATE
0
BEGIN_STATE
0 53
0 77
0 107
0 87
0 99
0 100
0 97
0 43
0 112
0 28
0 52
0 71
0 39
0 48
0 81
0 61
0 72
0 62
1 126 40
1 128 58
1 125 79
1 127 71
1 4 87
2 128
2 127
2 126
2 125
END_STATE
END_LABELED_STATE
BEGIN_LABELED_STATE
1
BEGIN_STATE
0 111
0 77
0 87
0 98
0 97
0 112
0 92
0 39
0 69
0 68
0 40
0 42
0 59
0 70
0 72
0 38
0 60
0 82
0 62
1 126 92
1 128 71
1 125 52
1 127 70
1 4 80
2 128
2 126
2 125
END_STATE
END_LABELED_STATE
BEGIN_LABELED_STATE
0
BEGIN_STATE
0 111
0 77
0 87
0 98
0 97
0 112
0 92
0 39
0 69
0 68
0 40
0 42
0 59
0 70
0 80
0 72
0 38
0 82
0 62
1 126 92
1 128 71
1 125 52
1 127 60
1 4 70
2 128
2 127
2 126
2 125
END_STATE
END_LABELED_STATE
BEGIN_LABELED_STATE
0
BEGIN_STATE
0 53
0 111
0 17
0 77
0 101
0 87
0 100
0 98
0 97
0 112
0 52
0 71
0 67
0 92
0 41
0 39
0 48
0 69
0 68
0 42
0 79
0 81
0 61
0 70
0 58
0 80
0 72
0 38
0 82
0 62
1 126 61
1 128 58
1 125 79
1 127 52
1 4 99
2 128
2 127
2 126
2 125
END_STATE
END_LABELED_STATE
BEGIN_LABELED_STATE
0
BEGIN_STATE
0 111
0 17
0 106
0 77
0 107
0 101
0 99
0 100
0 97
0 112
0 18
0 37
0 71
0 67
0 102
0 92
0 69
0 40
0 42
0 59
0 81
0 61
0 70
0 58
0 80
0 82
0 62
1 126 38
1 128 62
1 125 37
1 127 18
1 4 42
2 128
2 127
2 126
2 125
END_STATE
END_LABELED_STATE
BEGIN_LABELED_STATE
0
BEGIN_STATE
0 53
0 27
0 106
0 108
0 77
0 87
0 99
0 97
0 112
0 18
0 37
0 52
0 67
0 102
0 39
0 48
0 69
0 42
0 61
0 80
0 72
0 38
0 62
1 126 43
1 128 68
1 125 71
1 127 79
1 4 80
2 128
2 127
2 126
2 125
END_STATE
END_LABELED_STATE
BEGIN_LABELED_STATE
0
BEGIN_STATE
0 53
0 111
0 27
0 106
0 108
0 77
0 107
0 43
0 18
0 37
0 71
0 67
0 92
0 69
0 40
0 59
0 81
0 58
0 38
0 60
0 62
1 126 79
1 128 67
1 125 108
1 127 28
1 4 39
2 128
2 127
2 126
2 125
END_STATE
END_LABELED_STATE
BEGIN_LABELED_STATE
0
BEGIN_STATE
0 111
0 17
0 108
0 77
0 107
0 87
0 100
0 43
0 37
0 71
0 102
0 41
0 39
0 48
0 69
0 79
0 59
0 81
0 70
0 72
0 38
1 126 71
1 128 69
1 125 101
1 127 102
1 4 79
2 128
2 127
2 126
2 125
END_STATE
END_LABELED_STATE
BEGIN_LABELED_STATE
2
BEGIN_STATE
0 17
0 27
0 108
0 107
0 99
0 100
0 98
0 43
0 112
0 37
0 102
0 39
0 68
0 42
0 79
0 81
0 61
0 70
0 80
0 60
0 82
0 62
1 126 70
1 128 69
1 125 40
1 127 108
1 4 70
2 128
2 127
2 125
END_STATE
END_LABELED_STATE
BEGIN_LABELED_STATE
1
BEGIN_STATE
0 17
0 27
0 108
0 107
0 99
0 100
0 98
0 43
0 112
0 37
0 102
0 39
0 68
0 42
0 79
0 81
0 61
0 70
0 60
0 82
0 62
1 126 70
1 128 69
1 125 40
1 127 108
1 4 80
2 128
2 127
2 125
END_STATE
END_LABELED_STATE
BEGIN_LABELED_STATE
0
BEGIN_STATE
0 17
0 27
0 108
0 107
0 99
0 100
0 98
0 43
0 112
0 37
0 102
0 39
0 68
0 42
0 79
0 81
0 61
0 70
0 80
0 82
0 62
1 126 60
1 128 69
1 125 40
1 127 108
1 4 70
2 128
2 127
2 126
2 125
END_STATE
END_LABELED_STATE
BEGIN_LABELED_STATE
3
BEGIN_STATE
0 53
0 106
0 77
0 107
0 87
0 100
0 97
0 18
0 52
0 71
0 92
0 41
0 39
0 69
0 42
0 79
0 81
0 58
0 80
0 72
0 60
0 82
0 62
1 126 43
1 128 80
1 125 102
1 127 70
1 4 72
2 127
2 126
2 125
END_STATE
END_LABELED_STATE
BEGIN_LABELED_STATE
2
BEGIN_STATE
0 53
0 106
0 77
0 107
0 87
0 100
0 97
0 18
0 52
0 92
0 41
0 39
0 69
0 42
0 79
0 81
0 58
0 80
0 72
0 60
0 82
0 62
1 126 43
1 128 80
1 125 102
1 127 70
1 4 71
2 127
2 126
2 125
END_STATE
END_LABELED_STATE
BEGIN_LABELED_STATE
1
BEGIN_STATE
0 53
0 106
0 77
0 107
0 87
0 100
0 97
0 18
0 52
0 71
0 92
0 41
0 39
0 69
0 42
0 79
0 58
0 80
0 72
0 60
0 82
0 62
1 126 43
1 128 80
1 125 102
1 127 70
1 4 81
2 127
2 126
2 125
END_STATE
END_LABELED_STATE
BEGIN_LABELED_STATE
0
BEGIN_STATE
0 53
0 106
0 77
0 107
0 87
0 100
0 97
0 18
0 52
0 71
0 92
0 41
0 39
0 69
0 42
0 81
0 58
0 80
0 72
0 60
0 82
0 62
1 126 43
1 128 79
1 125 102
1 127 70
1 4 80
2 128
2 127
2 126
2 125
END_STATE
END_LABELED_STATE
BEGIN_LABELED_STATE
0
BEGIN_STATE
0 53
0 96
0 77
0 87
0 99
0 100
0 98
0 28
0 52
0 67
0 102
0 48
0 69
0 40
0 79
0 81
0 70
0 58
0 80
1 126 60
1 128 71
1 125 102
1 127 77
1 4 87
2 128
2 127
2 126
2 125
END_STATE
END_LABELED_STATE
BEGIN_LABELED_STATE
0
BEGIN_STATE
0 53
0 17
0 27
0 96
0 77
0 101
0 87
0 99
0 100
0 18
0 37
0 52
0 102
0 41
0 39
0 79
0 59
0 80
0 72
0 60
0 62
1 126 112
1 128 62
1 125 69
1 127 62
1 4 81
2 128
2 127
2 126
2 125
END_STATE
END_LABELED_STATE
BEGIN_LABELED_STATE
0
BEGIN_STATE
0 27
0 107
0 99
0 100
0 98
0 37
0 28
0 67
0 92
0 39
0 48
0 68
0 42
0 70
0 58
0 72
1 126 67
1 128 61
1 125 39
1 127 80
1 4 41
2 128
2 127
2 126
2 125
END_STATE
END_LABELED_STATE
BEGIN_LABELED_STATE
0
BEGIN_STATE
0 53
0 17
0 27
0 96
0 106
0 108
0 101
0 99
0 98
0 18
0 37
0 28
0 52
0 67
0 102
0 92
0 69
0 68
0 40
0 59
0 61
0 70
0 58
0 80
0 38
0 60
1 126 79
1 128 42
1 125 72
1 127 62
1 4 61
2 128
2 127
2 126
2 125
END_STATE
END_LABELED_STATE
BEGIN_LABELED_STATE
1
BEGIN_STATE
0 53
0 111
0 27
0 106
0 99
0 43
0 112
0 18
0 52
0 71
0 67
0 92
0 39
0 48
0 79
0 81
0 70
0 58
0 80
0 72
0 38
0 60
1 126 52
1 128 67
1 125 52
1 127 59
1 4 58
2 128
2 126
2 125
END_STATE
END_LABELED_STATE
BEGIN_LABELED_STATE
0
BEGIN_STATE
0 53
0 111
0 27
0 106
0 99
0 43
0 112
0 18
0 52
0 71
0 67
0 92
0 39
0 48
0 79
0 81
0 70
0 58
0 80
0 72
0 38
1 126 52
1 128 67
1 125 52
1 127 60
1 4 59
2 128
2 127
2 126
2 125
END_STATE
END_LABELED_STATE
BEGIN_LABELED_STATE
0
BEGIN_STATE
0 17
0 27
0 96
0 77
0 99
0 100
0 18
0 37
0 52
0 92
0 41
0 48
0 68
0 40
0 42
0 79
0 59
0 81
0 61
0 72
0 38
0 60
1 126 48
1 128 28
1 125 72
1 127 96
1 4 52
2 128
2 127
2 126
2 125
END_STATE
END_LABELED_STATE
BEGIN_LABELED_STATE
0
BEGIN_STATE
0 53
0 111
0 17
0 96
0 106
0 77
0 101
0 99
0 100
0 97
0 112
0 18
0 37
0 52
0 102
0 92
0 41
0 69
0 42
0 81
0 61
0 58
0 80
0 72
0 60
1 126 79
1 128 59
1 125 60
1 127 77
1 4 82
2 128
2 127
2 126
2 125
END_STATE
END_LABELED_STATE
BEGIN_LABELED_STATE
0
BEGIN_STATE
0 53
0 111
0 17
0 27
0 96
0 106
0 108
0 101
0 99
0 100
0 98
0 97
0 43
0 112
0 18
0 28
0 52
0 67
0 102
0 92
0 48
0 69
0 40
0 42
0 79
0 59
0 81
0 38
0 60
0 62
1 126 59
1 128 67
1 125 37
1 127 107
1 4 68
2 128
2 127
2 126
2 125
END_STATE
END_LABELED_STATE
BEGIN_LABELED_STATE
4
BEGIN_STATE
0 53
0 27
0 77
0 107
0 101
0 87
0 100
0 98
0 97
0 43
0 112
0 28
0 52
0 67
0 102
0 48
0 59
0 81
0 58
0 72
0 38
0 60
0 82
1 126 41
1 128 72
1 125 59
1 127 101
1 4 28
2 128
2 127
2 126
END_STATE
END_LABELED_STATE
BEGIN_LABELED_STATE
3
BEGIN_STATE
0 53
0 27
0 77
0 107
0 101
0 87
0 100
0 98
0 97
0 43
0 112
0 28
0 52
0 67
0 102
0 48
0 59
0 81
0 58
0 72
0 60
0 82
1 126 41
1 128 72
1 125 59
1 127 101
1 4 38
2 128
2 127
2 126
END_STATE
END_LABELED_STATE
BEGIN_LABELED_STATE
2
BEGIN_STATE
0 53
0 27
0 77
0 107
0 101
0 87
0 100
0 98
0 97
0 43
0 112
0 28
0 52
0 67
0 102
0 59
0 81
0 58
0 72
0 38
0 60
0 82
1 126 41
1 128 72
1 125 59
1 127 101
1 4 48
2 128
2 127
2 126
END_STATE
END_LABELED_STATE
BEGIN_LABELED_STATE
1
BEGIN_STATE
0 53
0 27
0 77
0 107
0 101
0 87
0 100
0 98
0 97
0 43
0 112
0 28
0 52
0 67
0 102
0 48
0 59
0 81
0 72
0 38
0 60
0 82
1 126 41
1 128 72
1 125 59
1 127 101
1 4 58
2 128
2 127
2 126
END_STATE
END_LABELED_STATE
BEGIN_LABELED_STATE
0
BEGIN_STATE
0 53
0 27
0 77
0 107
0 101
0 87
0 100
0 98
0 97
0 43
0 112
0 28
0 52
0 67
0 102
0 48
0 59
0 81
0 58
0 72
0 38
0 82
1 126 41
1 128 72
1 125 60
1 127 101
1 4 59
2 128
2 127
2 126
2 125
END_STATE
END_LABELED_STATE
BEGIN_LABELED_STATE
0
BEGIN_STATE
0 111
0 96
0 106
0 77
0 101
0 87
0 100
0 98
0 97
0 18
0 37
0 28
0 52
0 71
0 67
0 102
0 92
0 41
0 68
0 79
0 61
0 70
0 72
0 38
0 82
1 126 28
1 128 58
1 125 62
1 127 60
1 4 39
2 128
2 127
2 126
2 125
END_STATE
END_LABELED_STATE
BEGIN_LABELED_STATE
0
BEGIN_STATE
0 53
0 111
0 17
0 27
0 96
0 106
0 108
0 77
0 101
0 87
0 100
0 97
0 37
0 28
0 52
0 71
0 67
0 102
0 92
0 48
0 68
0 40
0 59
0 81
0 70
0 58
0 80
0 38
0 62
1 126 61
1 128 60
1 125 68
1 127 82
1 4 81
2 128
2 127
2 126
2 125
END_STATE
END_LABELED_STATE
BEGIN_LABELED_STATE
0
BEGIN_STATE
0 17
0 27
0 106
0 99
0 98
0 97
0 43
0 112
0 37
0 28
0 71
0 102
0 69
0 68
0 40
0 79
0 59
0 81
0 38
0 60
1 126 71
1 128 42
1 125 59
1 127 70
1 4 60
2 128
2 127
2 126
2 125
END_STATE
END_LABELED_STATE
BEGIN_LABELED_STATE
0
BEGIN_STATE
0 17
0 96
0 106
0 101
0 99
0 97
0 43
0 112
0 37
0 28
0 67
0 92
0 39
0 79
0 59
0 81
0 61
0 80
0 72
0 38
0 60
0 62
1 126 38
1 128 61
1 125 62
1 127 48
1 4 59
2 128
2 127
2 126
2 125
END_STATE
END_LABELED_STATE
BEGIN_LABELED_STATE
0
BEGIN_STATE
0 111
0 17
0 106
0 77
0 107
0 101
0 99
0 100
0 43
0 112
0 18
0 28
0 52
0 71
0 92
0 39
0 48
0 68
0 40
0 42
0 79
0 81
0 70
0 72
0 60
0 82
1 126 80
1 128 38
1 125 18
1 127 100
1 4 106
2 128
2 127
2 126
2 125
END_STATE
END_LABELED_STATE
BEGIN_LABELED_STATE
3
BEGIN_STATE
0 96
0 106
0 87
0 99
0 98
0 43
0 41
0 39
0 48
0 40
0 42
0 79
0 59
0 58
0 80
0 72
0 60
0 82
1 126 38
1 128 70
1 125 42
1 127 79
1 4 58
2 127
2 126
2 125
END_STATE
END_LABELED_STATE
BEGIN_LABELED_STATE
2
BEGIN_STATE
0 96
0 106
0 87
0 99
0 98
0 43
0 41
0 39
0 48
0 40
0 42
0 79
0 58
0 80
0 72
0 60
0 82
1 126 38
1 128 70
1 125 42
1 127 79
1 4 59
2 127
2 126
2 125
END_STATE
END_LABELED_STATE
BEGIN_LABELED_STATE
1
BEGIN_STATE
0 96
0 106
0 87
0 99
0 98
0 43
0 41
0 39
0 48
0 40
0 42
0 79
0 59
0 58
0 80
0 72
0 82
1 126 38
1 128 70
1 125 42
1 127 79
1 4 60
2 127
2 126
2 125
END_STATE
END_LABELED_STATE
BEGIN_LABELED_STATE
0
BEGIN_STATE
0 96
0 106
0 87
0 99
0 98
0 43
0 41
0 39
0 48
0 40
0 42
0 79
0 59
0 58
0 72
0 60
0 82
1 126 38
1 128 80
1 125 42
1 127 79
1 4 70
2 128
2 127
2 126
2 125
END_STATE
END_LABELED_STATE
BEGIN_LABELED_STATE
0
BEGIN_STATE
0 53
0 111
0 108
0 107
0 101
0 87
0 99
0 100
0 98
0 112
0 18
0 28
0 71
0 102
0 92
0 41
0 39
0 48
0 69
0 68
0 40
0 59
0 81
0 72
0 60
0 82
1 126 18
1 128 40
1 125 92
1 127 42
1 4 62
2 128
2 127
2 126
2 125
END_STATE
END_LABELED_STATE
BEGIN_LABELED_STATE
0
BEGIN_STATE
0 53
0 111
0 27
0 106
0 108
0 77
0 107
0 99
0 98
0 18
0 37
0 28
0 52
0 67
0 102
0 92
0 41
0 39
0 68
0 40
0 42
0 79
0 81
0 61
0 80
0 72
0 82
0 62
1 126 48
1 128 59
1 125 38
1 127 106
1 4 107
2 128
2 127
2 126
2 125
END_STATE
END_LABELED_STATE
BEGIN_LABELED_STATE
0
BEGIN_STATE
0 111
0 27
0 108
0 77
0 101
0 87
0 97
0 52
0 67
0 69
0 68
0 40
0 42
0 79
0 59
0 61
0 70
0 58
0 72
0 82
1 126 62
1 128 28
1 125 68
1 127 62
1 4 97
2 128
2 127
2 126
2 125
END_STATE
END_LABELED_STATE
BEGIN_LABELED_STATE
3
BEGIN_STATE
0 53
0 111
0 27
0 106
0 108
0 107
0 101
0 87
0 99
0 100
0 97
0 43
0 112
0 18
0 37
0 28
0 71
0 67
0 92
0 41
0 39
0 59
0 61
0 70
0 80
0 72
0 38
0 60
0 62
1 126 69
1 128 70
1 125 99
1 127 101
1 4 62
2 127
2 126
2 125
END_STATE
END_LABELED_STATE
BEGIN_LABELED_STATE
2
BEGIN_STATE
0 53
0 111
0 27
0 106
0 108
0 107
0 101
0 87
0 99
0 100
0 97
0 43
0 112
0 18
0 37
0 28
0 71
0 67
0 92
0 41
0 39
0 59
0 70
0 80
0 72
0 38
0 60
0 62
1 126 69
1 128 70
1 125 99
1 127 101
1 4 61
2 127
2 126
2 125
END_STATE
END_LABELED_STATE
BEGIN_LABELED_STATE
1
BEGIN_STATE
0 53
0 111
0 27
0 106
0 108
0 107
0 101
0 87
0 99
0 100
0 97
0 43
0 112
0 18
0 37
0 28
0 71
0 67
0 92
0 41
0 39
0 59
0 61
0 70
0 80
0 72
0 38
0 62
1 126 69
1 128 70
1 125 99
1 127 101
1 4 60
2 127
2 126
2 125
END_STATE
END_LABELED_STATE
BEGIN_LABELED_STATE
0
BEGIN_STATE
0 53
0 111
0 27
0 106
0 108
0 107
0 101
0 87
0 99
0 100
0 97
0 43
0 112
0 18
0 37
0 28
0 71
0 67
0 92
0 41
0 39
0 59
0 61
0 70
0 72
0 38
0 60
0 62
1 126 69
1 128 80
1 125 99
1 127 101
1 4 70
2 128
2 127
2 126
2 125
END_STATE
END_LABELED_STATE
BEGIN_LABELED_STATE
0
BEGIN_STATE
0 111
0 27
0 77
0 107
0 87
0 97
0 112
0 37
0 28
0 52
0 71
0 41
0 48
0 42
0 59
0 81
0 61
0 58
0 80
0 38
0 62
1 126 37
1 128 59
1 125 101
1 127 28
1 4 27
2 128
2 127
2 126
2 125
END_STATE
END_LABELED_STATE
BEGIN_LABELED_STATE
0
BEGIN_STATE
0 53
0 111
0 17
0 27
0 108
0 77
0 100
0 98
0 97
0 43
0 112
0 18
0 28
0 52
0 67
0 102
0 92
0 41
0 48
0 69
0 40
0 79
0 70
0 58
0 80
0 38
0 60
0 82
0 62
1 126 80
1 128 79
1 125 99
1 127 37
1 4 67
2 128
2 127
2 126
2 125
END_STATE
END_LABELED_STATE
BEGIN_LABELED_STATE
0
BEGIN_STATE
0 111
0 17
0 27
0 96
0 106
0 107
0 87
0 100
0 97
0 28
0 71
0 102
0 92
0 41
0 69
0 68
0 42
0 59
0 81
0 70
0 58
0 72
0 38
0 60
0 62
1 126 58
1 128 112
1 125 87
1 127 67
1 4 106
2 128
2 127
2 126
2 125
END_STATE
END_LABELED_STATE
BEGIN_LABELED_STATE
0
BEGIN_STATE
0 53
0 111
0 17
0 27
0 108
0 101
0 100
0 43
0 112
0 41
0 69
0 40
0 42
0 59
0 81
0 58
0 60
0 82
1 126 18
1 128 92
1 125 82
1 127 58
1 4 67
2 128
2 127
2 126
2 125
END_STATE
END_LABELED_STATE
BEGIN_LABELED_STATE
8
BEGIN_STATE
0 53
0 77
0 107
0 101
0 99
0 100
0 97
0 37
0 52
0 92
0 39
0 69
0 68
0 40
0 79
0 59
0 81
0 61
0 70
0 58
0 80
0 38
0 60
0 82
0 62
1 126 61
1 128 60
1 125 40
1 127 106
1 4 67
2 127
2 125
END_STATE
END_LABELED_STATE
BEGIN_LABELED_STATE
7
BEGIN_STATE
0 53
0 77
0 107
0 101
0 99
0 100
0 97
0 37
0 52
0 67
0 92
0 39
0 69
0 40
0 79
0 59
0 81
0 61
0 70
0 58
0 80
0 38
0 60
0 82
0 62
1 126 61
1 128 60
1 125 40
1 127 106
1 4 68
2 127
2 125
END_STATE
END_LABELED_STATE
BEGIN_LABELED_STATE
6
BEGIN_STATE
0 53
0 77
0 107
0 101
0 99
0 100
0 97
0 37
0 52
0 67
0 92
0 39
0 68
0 40
0 79
0 59
0 81
0 61
0 70
0 58
0 80
0 38
0 60
0 82
0 62
1 126 61
1 128 60
1 125 40
1 127 106
1 4 69
2 127
2 125
END_STATE
END_LABELED_STATE
BEGIN_LABELED_STATE
5
BEGIN_STATE
0 53
0 77
0 107
0 101
0 99
0 100
0 97
0 37
0 52
0 67
0 92
0 39
0 69
0 68
0 40
0 79
0 81
0 61
0 70
0 58
0 80
0 38
0 60
0 82
0 62
1 126 61
1 128 60
1 125 40
1 127 106
1 4 59
2 127
2 125
END_STATE
END_LABELED_STATE
BEGIN_LABELED_STATE
4
BEGIN_STATE
0 53
0 77
0 107
0 101
0 99
0 100
0 97
0 37
0 52
0 67
0 92
0 39
0 69
0 68
0 40
0 79
0 59
0 81
0 61
0 70
0 58
0 80
0 38
0 82
0 62
1 126 61
1 128 60
1 125 40
1 127 106
1 4 60
2 127
2 125
END_STATE
END_LABELED_STATE
BEGIN_LABELED_STATE
3
BEGIN_STATE
0 53
0 77
0 107
0 101
0 99
0 100
0 97
0 37
0 52
0 67
0 92
0 39
0 69
0 68
0 40
0 79
0 59
0 81
0 70
0 58
0 80
0 38
0 60
0 82
0 62
1 126 61
1 128 60
1 125 40
1 127 106
1 4 61
2 127
2 125
END_STATE
END_LABELED_STATE
BEGIN_LABELED_STATE
2
BEGIN_STATE
0 53
0 77
0 107
0 101
0 99
0 100
0 97
0 37
0 52
0 67
0 92
0 39
0 69
0 68
0 40
0 79
0 59
0 81
0 61
0 70
0 58
0 80
0 38
0 60
0 82
1 126 61
1 128 60
1 125 40
1 127 106
1 4 62
2 127
2 125
END_STATE
END_LABELED_STATE
BEGIN_LABELED_STATE
1
BEGIN_STATE
0 53
0 77
0 107
0 101
0 99
0 100
0 97
0 37
0 52
0 67
0 92
0 39
0 69
0 68
0 40
0 79
0 59
0 81
0 61
0 70
0 58
0 80
0 38
0 82
0 62
1 126 60
1 128 60
1 125 40
1 127 106
1 4 61
2 127
2 126
2 125
END_STATE
END_LABELED_STATE
BEGIN_LABELED_STATE
0
BEGIN_STATE
0 53
0 77
0 107
0 101
0 99
0 100
0 97
0 37
0 52
0 67
0 92
0 39
0 69
0 68
0 40
0 79
0 81
0 61
0 70
0 58
0 80
0 38
0 82
0 62
1 126 60
1 128 59
1 125 40
1 127 106
1 4 60
2 128
2 127
2 126
2 125
END_STATE
END_LABELED_STATE
END_STATE_LIST
