BEGIN_TYPES
0 -1 object
1 0 thing
2 0 location
3 0 direction
4 1 player
5 1 stone
END_TYPES
BEGIN_OBJECTS
0 3 dir-down
1 3 dir-left
2 3 dir-right
3 3 dir-up
4 4 player-01
5 2 pos-01-01
6 2 pos-01-02
7 2 pos-01-03
8 2 pos-01-04
9 2 pos-01-05
10 2 pos-01-06
11 2 pos-01-07
12 2 pos-01-08
13 2 pos-01-09
14 2 pos-01-10
15 2 pos-02-01
16 2 pos-02-02
17 2 pos-02-03
18 2 pos-02-04
19 2 pos-02-05
20 2 pos-02-06
21 2 pos-02-07
22 2 pos-02-08
23 2 pos-02-09
24 2 pos-02-10
25 2 pos-03-01
26 2 pos-03-02
27 2 pos-03-03
28 2 pos-03-04
29 2 pos-03-05
30 2 pos-03-06
31 2 pos-03-07
32 2 pos-03-08
33 2 pos-03-09
34 2 pos-03-10
35 2 pos-04-01
36 2 pos-04-02
37 2 pos-04-03
38 2 pos-04-04
39 2 pos-04-05
40 2 pos-04-06
41 2 pos-04-07
42 2 pos-04-08
43 2 pos-04-09
44 2 pos-04-10
45 2 pos-05-01
46 2 pos-05-02
47 2 pos-05-03
48 2 pos-05-04
49 2 pos-05-05
50 2 pos-05-06
51 2 pos-05-07
52 2 pos-05-08
53 2 pos-05-09
54 2 pos-05-10
55 2 pos-06-01
56 2 pos-06-02
57 2 pos-06-03
58 2 pos-06-04
59 2 pos-06-05
60 2 pos-06-06
61 2 pos-06-07
62 2 pos-06-08
63 2 pos-06-09
64 2 pos-06-10
65 2 pos-07-01
66 2 pos-07-02
67 2 pos-07-03
68 2 pos-07-04
69 2 pos-07-05
70 2 pos-07-06
71 2 pos-07-07
72 2 pos-07-08
73 2 pos-07-09
74 2 pos-07-10
75 2 pos-08-01
76 2 pos-08-02
77 2 pos-08-03
78 2 pos-08-04
79 2 pos-08-05
80 2 pos-08-06
81 2 pos-08-07
82 2 pos-08-08
83 2 pos-08-09
84 2 pos-08-10
85 2 pos-09-01
86 2 pos-09-02
87 2 pos-09-03
88 2 pos-09-04
89 2 pos-09-05
90 2 pos-09-06
91 2 pos-09-07
92 2 pos-09-08
93 2 pos-09-09
94 2 pos-09-10
95 2 pos-10-01
96 2 pos-10-02
97 2 pos-10-03
98 2 pos-10-04
99 2 pos-10-05
100 2 pos-10-06
101 2 pos-10-07
102 2 pos-10-08
103 2 pos-10-09
104 2 pos-10-10
105 2 pos-11-01
106 2 pos-11-02
107 2 pos-11-03
108 2 pos-11-04
109 2 pos-11-05
110 2 pos-11-06
111 2 pos-11-07
112 2 pos-11-08
113 2 pos-11-09
114 2 pos-11-10
115 2 pos-12-01
116 2 pos-12-02
117 2 pos-12-03
118 2 pos-12-04
119 2 pos-12-05
120 2 pos-12-06
121 2 pos-12-07
122 2 pos-12-08
123 2 pos-12-09
124 2 pos-12-10
125 5 stone-01
126 5 stone-02
127 5 stone-03
END_OBJECTS
BEGIN_PREDICATES
0 2 clear
1 1 2 at
2 5 at-goal
3 2 is-goal
4 2 is-nongoal
5 2 2 3 move-dir
END_PREDICATES
BEGIN_GOAL
2 125
2 126
2 127
END_GOAL
BEGIN_ACTIONS
END_ACTIONS
BEGIN_STATIC_FACTS
5 114 113 3
5 18 17 3
5 39 49 2
5 102 101 3
5 27 28 0
5 89 88 3
5 94 93 3
4 74
4 104
4 71
5 42 43 0
4 96
5 96 86 1
4 110
0 94
4 9
4 5
5 79 89 2
5 108 109 0
4 72
4 46
4 43
5 99 109 2
4 40
4 15
4 80
5 49 50 0
5 104 94 1
0 10
5 104 103 3
5 112 102 1
5 29 30 0
5 45 35 1
5 93 94 0
5 92 93 0
5 96 106 2
4 73
4 95
4 38
5 112 111 3
5 62 61 3
5 72 71 3
5 87 86 3
4 97
4 45
4 54
4 29
4 7
5 71 72 0
4 102
5 78 77 3
5 123 122 3
0 114
5 14 13 3
5 91 101 2
4 84
4 99
5 84 94 2
4 70
0 123
5 93 92 3
4 120
4 25
0 92
4 11
5 13 14 0
5 111 112 0
5 121 122 0
5 18 28 2
5 101 111 2
4 108
4 121
5 109 108 3
4 52
4 28
5 31 30 3
4 21
4 64
4 47
5 49 39 1
5 60 61 0
4 6
4 122
0 112
4 118
4 36
5 31 41 2
4 50
5 113 112 3
5 29 28 3
5 114 124 2
5 29 39 2
4 65
5 60 70 2
0 91
5 124 123 3
4 83
5 88 78 1
5 103 102 3
5 62 72 2
4 77
5 50 40 1
4 86
4 24
5 70 60 1
5 108 107 3
5 62 63 0
4 30
4 101
4 61
4 111
0 93
4 100
5 67 77 2
5 14 24 2
5 102 92 1
5 113 114 0
4 18
5 63 62 3
5 41 31 1
5 103 104 0
4 13
4 119
5 88 98 2
5 50 49 3
4 56
5 122 112 1
0 14
4 109
4 78
4 115
4 113
3 107
5 92 102 2
5 78 79 0
5 42 41 3
5 68 67 3
5 40 50 2
5 103 93 1
4 62
5 123 124 0
4 81
5 121 111 1
4 82
5 61 71 2
0 12
4 33
4 69
5 65 55 1
5 43 42 3
5 122 123 0
4 117
0 103
4 67
5 30 40 2
5 63 53 1
5 47 57 2
4 37
5 25 15 1
5 67 68 0
5 49 59 2
5 39 29 1
4 59
0 35
5 89 99 2
5 78 88 2
5 40 39 3
5 24 23 3
5 41 42 0
5 23 24 0
4 90
4 94
5 25 35 2
0 124
0 55
5 99 98 3
5 40 30 1
0 23
5 50 60 2
5 41 40 3
5 94 104 2
4 10
5 106 107 0
4 106
5 23 13 1
5 99 89 1
4 89
0 104
5 40 41 0
5 103 113 2
5 67 57 1
4 31
0 5
5 24 14 1
5 11 10 3
5 28 27 3
5 39 40 0
4 114
5 87 77 1
5 37 47 2
4 49
4 51
5 11 12 0
0 15
4 88
4 27
4 123
5 10 11 0
4 68
5 59 60 0
4 92
5 106 96 1
4 60
5 70 71 0
4 75
5 45 55 2
5 28 18 1
5 102 112 2
0 45
4 66
5 55 65 2
0 102
3 17
5 107 108 0
5 122 121 3
5 35 45 2
5 101 102 0
4 112
5 78 68 1
0 84
5 88 87 3
5 77 87 2
5 108 98 1
5 124 114 1
5 111 121 2
0 25
0 11
5 53 43 1
4 91
0 121
5 37 27 1
5 112 113 0
5 113 123 2
5 92 91 3
5 86 96 2
5 93 103 2
4 87
4 85
5 15 25 2
0 122
5 71 61 1
5 91 92 0
4 44
4 93
5 13 12 3
4 22
5 87 88 0
5 53 63 2
5 5 15 2
5 111 101 1
4 58
5 57 67 2
4 39
5 114 104 1
5 17 27 2
0 65
5 59 49 1
5 43 53 2
5 98 88 1
4 16
5 102 103 0
4 32
4 34
4 14
5 68 78 2
5 77 67 1
5 123 113 1
0 24
3 57
0 101
4 63
0 111
4 26
5 71 70 3
5 28 29 0
5 107 106 3
5 104 114 2
5 61 60 3
5 61 62 0
5 86 87 0
4 48
5 12 11 3
4 12
5 101 91 1
5 27 17 1
5 72 62 1
5 94 84 1
4 42
5 109 99 1
5 15 5 1
4 103
0 13
5 77 78 0
4 98
4 53
4 79
4 41
5 98 99 0
5 12 13 0
5 30 31 0
4 35
0 113
5 98 108 2
5 27 37 2
4 8
4 116
4 76
5 112 122 2
4 124
4 55
5 30 29 3
4 19
5 60 50 1
5 89 79 1
4 20
4 23
5 79 78 3
5 113 103 1
4 105
5 57 47 1
5 35 25 1
5 88 89 0
5 13 23 2
5 17 18 0
5 60 59 3
5 55 45 1
5 47 37 1
END_STATIC_FACTS
BEGIN_STATE_LIST
BEGIN_LABELED_STATE
146
BEGIN_STATE
0 18
0 53
0 72
0 96
0 71
0 43
0 63
0 70
0 42
0 62
0 17
0 86
0 106
0 107
0 31
0 68
0 28
0 49
0 98
0 78
0 99
0 61
0 50
0 60
0 59
0 30
0 79
0 109
0 37
0 108
0 57
0 77
0 89
0 47
0 27
0 67
0 29
0 88
1 125 39
1 126 40
1 127 41
1 4 87
END_STATE
END_LABELED_STATE
BEGIN_LABELED_STATE
145
BEGIN_STATE
0 18
0 53
0 72
0 96
0 71
0 43
0 63
0 70
0 42
0 62
0 17
0 86
0 106
0 107
0 31
0 68
0 28
0 49
0 98
0 78
0 99
0 61
0 50
0 60
0 59
0 30
0 79
0 109
0 37
0 108
0 57
0 89
0 47
0 27
0 67
0 87
0 29
0 88
1 125 39
1 126 40
1 127 41
1 4 77
END_STATE
END_LABELED_STATE
BEGIN_LABELED_STATE
144
BEGIN_STATE
0 18
0 53
0 72
0 96
0 71
0 43
0 63
0 70
0 42
0 62
0 17
0 86
0 106
0 107
0 31
0 68
0 28
0 49
0 98
0 78
0 99
0 61
0 50
0 60
0 59
0 30
0 79
0 109
0 37
0 108
0 57
0 77
0 89
0 47
0 27
0 87
0 29
0 88
1 125 39
1 126 40
1 127 41
1 4 67
END_STATE
END_LABELED_STATE
BEGIN_LABELED_STATE
143
BEGIN_STATE
0 18
0 53
0 72
0 96
0 71
0 43
0 63
0 70
0 42
0 62
0 17
0 86
0 106
0 107
0 31
0 68
0 28
0 49
0 98
0 78
0 99
0 61
0 50
0 60
0 59
0 30
0 79
0 109
0 37
0 108
0 77
0 89
0 47
0 27
0 67
0 87
0 29
0 88
1 125 39
1 126 40
1 127 41
1 4 57
END_STATE
END_LABELED_STATE
BEGIN_LABELED_STATE
142
BEGIN_STATE
0 18
0 53
0 72
0 96
0 71
0 43
0 63
0 70
0 42
0 62
0 17
0 86
0 106
0 107
0 31
0 68
0 28
0 49
0 98
0 78
0 99
0 61
0 50
0 60
0 59
0 30
0 79
0 109
0 37
0 108
0 57
0 77
0 89
0 27
0 67
0 87
0 29
0 88
1 125 39
1 126 40
1 127 41
1 4 47
END_STATE
END_LABELED_STATE
BEGIN_LABELED_STATE
141
BEGIN_STATE
0 18
0 53
0 72
0 96
0 71
0 43
0 63
0 70
0 42
0 62
0 17
0 86
0 106
0 107
0 31
0 68
0 28
0 49
0 98
0 78
0 99
0 61
0 50
0 60
0 59
0 30
0 79
0 109
0 108
0 57
0 77
0 89
0 47
0 27
0 67
0 87
0 29
0 88
1 125 39
1 126 40
1 127 41
1 4 37
END_STATE
END_LABELED_STATE
BEGIN_LABELED_STATE
140
BEGIN_STATE
0 18
0 53
0 72
0 96
0 71
0 43
0 63
0 70
0 42
0 62
0 17
0 86
0 106
0 107
0 31
0 68
0 28
0 49
0 98
0 78
0 99
0 61
0 50
0 60
0 59
0 30
0 79
0 109
0 37
0 108
0 57
0 77
0 89
0 47
0 67
0 87
0 29
0 88
1 125 39
1 126 40
1 127 41
1 4 27
END_STATE
END_LABELED_STATE
BEGIN_LABELED_STATE
139
BEGIN_STATE
0 18
0 53
0 72
0 96
0 71
0 43
0 63
0 70
0 42
0 62
0 17
0 86
0 106
0 107
0 31
0 68
0 49
0 98
0 78
0 99
0 61
0 50
0 60
0 59
0 30
0 79
0 109
0 37
0 108
0 57
0 77
0 89
0 47
0 27
0 67
0 87
0 29
0 88
1 125 39
1 126 40
1 127 41
1 4 28
END_STATE
END_LABELED_STATE
BEGIN_LABELED_STATE
138
BEGIN_STATE
0 18
0 53
0 72
0 96
0 71
0 43
0 63
0 70
0 42
0 62
0 17
0 86
0 106
0 107
0 31
0 68
0 28
0 49
0 98
0 78
0 99
0 61
0 50
0 60
0 59
0 30
0 79
0 109
0 37
0 108
0 57
0 77
0 89
0 47
0 27
0 67
0 87
0 88
1 125 39
1 126 40
1 127 41
1 4 29
END_STATE
END_LABELED_STATE
BEGIN_LABELED_STATE
137
BEGIN_STATE
0 18
0 53
0 72
0 96
0 71
0 43
0 63
0 70
0 42
0 62
0 17
0 86
0 106
0 107
0 31
0 68
0 28
0 49
0 98
0 78
0 99
0 61
0 50
0 60
0 59
0 79
0 109
0 37
0 108
0 57
0 77
0 89
0 47
0 27
0 67
0 87
0 29
0 88
1 125 39
1 126 40
1 127 41
1 4 30
END_STATE
END_LABELED_STATE
BEGIN_LABELED_STATE
136
BEGIN_STATE
0 18
0 53
0 72
0 96
0 71
0 43
0 63
0 70
0 42
0 62
0 17
0 86
0 106
0 107
0 31
0 68
0 28
0 49
0 98
0 78
0 99
0 61
0 60
0 59
0 30
0 79
0 109
0 37
0 108
0 57
0 77
0 89
0 47
0 27
0 67
0 87
0 29
0 88
1 125 39
1 126 50
1 127 41
1 4 40
END_STATE
END_LABELED_STATE
BEGIN_LABELED_STATE
135
BEGIN_STATE
0 18
0 53
0 72
0 96
0 71
0 43
0 63
0 70
0 42
0 62
0 17
0 86
0 106
0 107
0 31
0 68
0 28
0 49
0 98
0 78
0 99
0 61
0 40
0 59
0 30
0 79
0 109
0 37
0 108
0 57
0 77
0 89
0 47
0 27
0 67
0 87
0 29
0 88
1 125 39
1 126 60
1 127 41
1 4 50
END_STATE
END_LABELED_STATE
BEGIN_LABELED_STATE
134
BEGIN_STATE
0 18
0 53
0 72
0 96
0 71
0 43
0 63
0 70
0 42
0 62
0 17
0 86
0 106
0 107
0 31
0 68
0 28
0 98
0 78
0 99
0 61
0 50
0 40
0 59
0 30
0 79
0 109
0 37
0 108
0 57
0 77
0 89
0 47
0 27
0 67
0 87
0 29
0 88
1 125 39
1 126 60
1 127 41
1 4 49
END_STATE
END_LABELED_STATE
BEGIN_LABELED_STATE
133
BEGIN_STATE
0 18
0 53
0 72
0 96
0 71
0 43
0 63
0 70
0 42
0 62
0 17
0 86
0 106
0 107
0 31
0 68
0 28
0 49
0 98
0 78
0 99
0 61
0 50
0 40
0 59
0 30
0 79
0 109
0 37
0 108
0 57
0 77
0 89
0 47
0 27
0 67
0 87
0 88
1 125 29
1 126 60
1 127 41
1 4 39
END_STATE
END_LABELED_STATE
BEGIN_LABELED_STATE
132
BEGIN_STATE
0 18
0 53
0 72
0 96
0 71
0 43
0 63
0 70
0 42
0 62
0 17
0 86
0 106
0 107
0 31
0 68
0 28
0 49
0 98
0 78
0 99
0 61
0 50
0 59
0 30
0 39
0 79
0 109
0 37
0 108
0 57
0 77
0 89
0 47
0 27
0 67
0 87
0 88
1 125 29
1 126 60
1 127 41
1 4 40
END_STATE
END_LABELED_STATE
BEGIN_LABELED_STATE
131
BEGIN_STATE
0 18
0 53
0 72
0 96
0 71
0 43
0 63
0 70
0 42
0 62
0 17
0 86
0 106
0 107
0 31
0 68
0 28
0 49
0 98
0 78
0 99
0 61
0 50
0 40
0 59
0 39
0 79
0 109
0 37
0 108
0 57
0 77
0 89
0 47
0 27
0 67
0 87
0 88
1 125 29
1 126 60
1 127 41
1 4 30
END_STATE
END_LABELED_STATE
BEGIN_LABELED_STATE
130
BEGIN_STATE
0 18
0 53
0 72
0 96
0 71
0 43
0 63
0 70
0 42
0 62
0 17
0 86
0 106
0 107
0 31
0 68
0 49
0 98
0 78
0 99
0 61
0 50
0 40
0 59
0 30
0 39
0 79
0 109
0 37
0 108
0 57
0 77
0 89
0 47
0 27
0 67
0 87
0 88
1 125 28
1 126 60
1 127 41
1 4 29
END_STATE
END_LABELED_STATE
BEGIN_LABELED_STATE
129
BEGIN_STATE
0 18
0 53
0 72
0 96
0 71
0 43
0 63
0 70
0 42
0 62
0 17
0 86
0 106
0 107
0 31
0 68
0 49
0 98
0 78
0 99
0 61
0 50
0 40
0 59
0 30
0 39
0 79
0 109
0 37
0 108
0 57
0 77
0 89
0 47
0 67
0 87
0 29
0 88
1 125 27
1 126 60
1 127 41
1 4 28
END_STATE
END_LABELED_STATE
BEGIN_LABELED_STATE
128
BEGIN_STATE
0 53
0 72
0 96
0 71
0 43
0 63
0 70
0 42
0 62
0 17
0 86
0 106
0 107
0 31
0 68
0 28
0 49
0 98
0 78
0 99
0 61
0 50
0 40
0 59
0 30
0 39
0 79
0 109
0 37
0 108
0 57
0 77
0 89
0 47
0 67
0 87
0 29
0 88
1 125 27
1 126 60
1 127 41
1 4 18
END_STATE
END_LABELED_STATE
BEGIN_LABELED_STATE
127
BEGIN_STATE
0 18
0 53
0 72
0 96
0 71
0 43
0 63
0 70
0 42
0 62
0 86
0 106
0 107
0 31
0 68
0 28
0 49
0 98
0 78
0 99
0 61
0 50
0 40
0 59
0 30
0 39
0 79
0 109
0 37
0 108
0 57
0 77
0 89
0 47
0 67
0 87
0 29
0 88
1 125 27
1 126 60
1 127 41
1 4 17
END_STATE
END_LABELED_STATE
BEGIN_LABELED_STATE
126
BEGIN_STATE
0 18
0 53
0 72
0 96
0 71
0 43
0 63
0 70
0 42
0 62
0 17
0 86
0 106
0 107
0 31
0 68
0 28
0 49
0 98
0 78
0 99
0 61
0 50
0 40
0 59
0 30
0 39
0 79
0 109
0 108
0 57
0 77
0 89
0 47
0 67
0 87
0 29
0 88
1 125 37
1 126 60
1 127 41
1 4 27
END_STATE
END_LABELED_STATE
BEGIN_LABELED_STATE
125
BEGIN_STATE
0 18
0 53
0 72
0 96
0 71
0 43
0 63
0 70
0 42
0 62
0 17
0 86
0 106
0 107
0 31
0 68
0 28
0 49
0 98
0 78
0 99
0 61
0 50
0 40
0 59
0 30
0 39
0 79
0 109
0 108
0 57
0 77
0 89
0 27
0 67
0 87
0 29
0 88
1 125 47
1 126 60
1 127 41
1 4 37
END_STATE
END_LABELED_STATE
BEGIN_LABELED_STATE
124
BEGIN_STATE
0 18
0 53
0 72
0 96
0 71
0 43
0 63
0 70
0 42
0 62
0 17
0 86
0 106
0 107
0 31
0 68
0 28
0 49
0 98
0 78
0 99
0 61
0 50
0 40
0 59
0 30
0 39
0 79
0 109
0 37
0 108
0 77
0 89
0 27
0 67
0 87
0 29
0 88
1 125 57
1 126 60
1 127 41
1 4 47
2 125
END_STATE
END_LABELED_STATE
BEGIN_LABELED_STATE
123
BEGIN_STATE
0 18
0 53
0 72
0 96
0 71
0 43
0 63
0 70
0 42
0 62
0 17
0 86
0 106
0 107
0 31
0 68
0 28
0 49
0 98
0 78
0 99
0 61
0 50
0 40
0 59
0 30
0 39
0 79
0 109
0 37
0 108
0 77
0 89
0 47
0 27
0 87
0 29
0 88
1 125 67
1 126 60
1 127 41
1 4 57
END_STATE
END_LABELED_STATE
BEGIN_LABELED_STATE
122
BEGIN_STATE
0 18
0 53
0 72
0 96
0 71
0 43
0 63
0 70
0 42
0 62
0 17
0 86
0 106
0 107
0 31
0 68
0 28
0 49
0 98
0 78
0 99
0 61
0 50
0 40
0 59
0 30
0 39
0 79
0 109
0 37
0 108
0 57
0 89
0 47
0 27
0 87
0 29
0 88
1 125 77
1 126 60
1 127 41
1 4 67
END_STATE
END_LABELED_STATE
BEGIN_LABELED_STATE
121
BEGIN_STATE
0 18
0 53
0 72
0 96
0 71
0 43
0 63
0 70
0 42
0 62
0 17
0 86
0 106
0 107
0 31
0 68
0 28
0 49
0 98
0 78
0 99
0 61
0 50
0 40
0 59
0 30
0 39
0 79
0 109
0 37
0 108
0 57
0 89
0 47
0 27
0 67
0 29
0 88
1 125 87
1 126 60
1 127 41
1 4 77
END_STATE
END_LABELED_STATE
BEGIN_LABELED_STATE
120
BEGIN_STATE
0 18
0 53
0 72
0 96
0 71
0 43
0 63
0 70
0 42
0 62
0 17
0 86
0 106
0 107
0 31
0 68
0 28
0 49
0 98
0 99
0 61
0 50
0 40
0 59
0 30
0 39
0 79
0 109
0 37
0 108
0 57
0 77
0 89
0 47
0 27
0 67
0 29
0 88
1 125 87
1 126 60
1 127 41
1 4 78
END_STATE
END_LABELED_STATE
BEGIN_LABELED_STATE
119
BEGIN_STATE
0 18
0 53
0 72
0 96
0 71
0 43
0 63
0 70
0 42
0 62
0 17
0 86
0 106
0 107
0 31
0 68
0 28
0 49
0 98
0 78
0 99
0 61
0 50
0 40
0 59
0 30
0 39
0 79
0 109
0 37
0 108
0 57
0 77
0 89
0 47
0 27
0 67
0 29
1 125 87
1 126 60
1 127 41
1 4 88
END_STATE
END_LABELED_STATE
BEGIN_LABELED_STATE
118
BEGIN_STATE
0 18
0 53
0 72
0 96
0 71
0 43
0 63
0 70
0 42
0 62
0 17
0 86
0 106
0 107
0 31
0 68
0 28
0 49
0 78
0 99
0 61
0 50
0 40
0 59
0 30
0 39
0 79
0 109
0 37
0 108
0 57
0 77
0 89
0 47
0 27
0 67
0 29
0 88
1 125 87
1 126 60
1 127 41
1 4 98
END_STATE
END_LABELED_STATE
BEGIN_LABELED_STATE
117
BEGIN_STATE
0 18
0 53
0 72
0 96
0 71
0 43
0 63
0 70
0 42
0 62
0 17
0 86
0 106
0 107
0 31
0 68
0 28
0 49
0 98
0 78
0 99
0 61
0 50
0 40
0 59
0 30
0 39
0 79
0 109
0 37
0 57
0 77
0 89
0 47
0 27
0 67
0 29
0 88
1 125 87
1 126 60
1 127 41
1 4 108
END_STATE
END_LABELED_STATE
BEGIN_LABELED_STATE
116
BEGIN_STATE
0 18
0 53
0 72
0 96
0 71
0 43
0 63
0 70
0 42
0 62
0 17
0 86
0 106
0 31
0 68
0 28
0 49
0 98
0 78
0 99
0 61
0 50
0 40
0 59
0 30
0 39
0 79
0 109
0 37
0 108
0 57
0 77
0 89
0 47
0 27
0 67
0 29
0 88
1 125 87
1 126 60
1 127 41
1 4 107
END_STATE
END_LABELED_STATE
BEGIN_LABELED_STATE
115
BEGIN_STATE
0 18
0 53
0 72
0 96
0 71
0 43
0 63
0 70
0 42
0 62
0 17
0 86
0 107
0 31
0 68
0 28
0 49
0 98
0 78
0 99
0 61
0 50
0 40
0 59
0 30
0 39
0 79
0 109
0 37
0 108
0 57
0 77
0 89
0 47
0 27
0 67
0 29
0 88
1 125 87
1 126 60
1 127 41
1 4 106
END_STATE
END_LABELED_STATE
BEGIN_LABELED_STATE
114
BEGIN_STATE
0 18
0 53
0 72
0 71
0 43
0 63
0 70
0 42
0 62
0 17
0 86
0 106
0 107
0 31
0 68
0 28
0 49
0 98
0 78
0 99
0 61
0 50
0 40
0 59
0 30
0 39
0 79
0 109
0 37
0 108
0 57
0 77
0 89
0 47
0 27
0 67
0 29
0 88
1 125 87
1 126 60
1 127 41
1 4 96
END_STATE
END_LABELED_STATE
BEGIN_LABELED_STATE
113
BEGIN_STATE
0 18
0 53
0 72
0 96
0 71
0 43
0 63
0 70
0 42
0 62
0 17
0 106
0 107
0 31
0 68
0 28
0 49
0 98
0 78
0 99
0 61
0 50
0 40
0 59
0 30
0 39
0 79
0 109
0 37
0 108
0 57
0 77
0 89
0 47
0 27
0 67
0 29
0 88
1 125 87
1 126 60
1 127 41
1 4 86
END_STATE
END_LABELED_STATE
BEGIN_LABELED_STATE
112
BEGIN_STATE
0 18
0 53
0 72
0 96
0 71
0 43
0 63
0 70
0 42
0 62
0 17
0 86
0 106
0 107
0 31
0 68
0 28
0 49
0 98
0 78
0 99
0 61
0 50
0 40
0 59
0 30
0 39
0 79
0 109
0 37
0 108
0 57
0 77
0 89
0 47
0 27
0 67
0 29
1 125 88
1 126 60
1 127 41
1 4 87
END_STATE
END_LABELED_STATE
BEGIN_LABELED_STATE
111
BEGIN_STATE
0 18
0 53
0 72
0 96
0 71
0 43
0 63
0 70
0 42
0 62
0 17
0 86
0 106
0 107
0 31
0 68
0 28
0 49
0 98
0 78
0 99
0 61
0 50
0 40
0 59
0 30
0 39
0 79
0 109
0 37
0 108
0 57
0 89
0 47
0 27
0 67
0 87
0 29
1 125 88
1 126 60
1 127 41
1 4 77
END_STATE
END_LABELED_STATE
BEGIN_LABELED_STATE
110
BEGIN_STATE
0 18
0 53
0 72
0 96
0 71
0 43
0 63
0 70
0 42
0 62
0 17
0 86
0 106
0 107
0 31
0 68
0 28
0 49
0 98
0 78
0 99
0 61
0 50
0 40
0 59
0 30
0 39
0 79
0 109
0 37
0 108
0 57
0 77
0 89
0 47
0 27
0 87
0 29
1 125 88
1 126 60
1 127 41
1 4 67
END_STATE
END_LABELED_STATE
BEGIN_LABELED_STATE
109
BEGIN_STATE
0 18
0 53
0 72
0 96
0 71
0 43
0 63
0 70
0 42
0 62
0 17
0 86
0 106
0 107
0 31
0 68
0 28
0 49
0 98
0 78
0 99
0 61
0 50
0 40
0 59
0 30
0 39
0 79
0 109
0 37
0 108
0 77
0 89
0 47
0 27
0 67
0 87
0 29
1 125 88
1 126 60
1 127 41
1 4 57
END_STATE
END_LABELED_STATE
BEGIN_LABELED_STATE
108
BEGIN_STATE
0 18
0 53
0 72
0 96
0 71
0 43
0 63
0 70
0 42
0 62
0 17
0 86
0 106
0 107
0 31
0 68
0 28
0 49
0 98
0 78
0 99
0 61
0 50
0 40
0 59
0 30
0 39
0 79
0 109
0 37
0 108
0 57
0 77
0 89
0 27
0 67
0 87
0 29
1 125 88
1 126 60
1 127 41
1 4 47
END_STATE
END_LABELED_STATE
BEGIN_LABELED_STATE
107
BEGIN_STATE
0 18
0 53
0 72
0 96
0 71
0 43
0 63
0 70
0 42
0 62
0 17
0 86
0 106
0 107
0 31
0 68
0 28
0 49
0 98
0 78
0 99
0 61
0 50
0 40
0 59
0 30
0 39
0 79
0 109
0 108
0 57
0 77
0 89
0 47
0 27
0 67
0 87
0 29
1 125 88
1 126 60
1 127 41
1 4 37
END_STATE
END_LABELED_STATE
BEGIN_LABELED_STATE
106
BEGIN_STATE
0 18
0 53
0 72
0 96
0 71
0 43
0 63
0 70
0 42
0 62
0 17
0 86
0 106
0 107
0 31
0 68
0 28
0 49
0 98
0 78
0 99
0 61
0 50
0 40
0 59
0 30
0 39
0 79
0 109
0 37
0 108
0 57
0 77
0 89
0 47
0 67
0 87
0 29
1 125 88
1 126 60
1 127 41
1 4 27
END_STATE
END_LABELED_STATE
BEGIN_LABELED_STATE
105
BEGIN_STATE
0 18
0 53
0 72
0 96
0 71
0 43
0 63
0 70
0 42
0 62
0 17
0 86
0 106
0 107
0 31
0 68
0 49
0 98
0 78
0 99
0 61
0 50
0 40
0 59
0 30
0 39
0 79
0 109
0 37
0 108
0 57
0 77
0 89
0 47
0 27
0 67
0 87
0 29
1 125 88
1 126 60
1 127 41
1 4 28
END_STATE
END_LABELED_STATE
BEGIN_LABELED_STATE
104
BEGIN_STATE
0 18
0 53
0 72
0 96
0 71
0 43
0 63
0 70
0 42
0 62
0 17
0 86
0 106
0 107
0 31
0 68
0 28
0 49
0 98
0 78
0 99
0 61
0 50
0 40
0 59
0 30
0 39
0 79
0 109
0 37
0 108
0 57
0 77
0 89
0 47
0 27
0 67
0 87
1 125 88
1 126 60
1 127 41
1 4 29
END_STATE
END_LABELED_STATE
BEGIN_LABELED_STATE
103
BEGIN_STATE
0 18
0 53
0 72
0 96
0 71
0 43
0 63
0 70
0 42
0 62
0 17
0 86
0 106
0 107
0 31
0 68
0 28
0 49
0 98
0 78
0 99
0 61
0 50
0 40
0 59
0 30
0 79
0 109
0 37
0 108
0 57
0 77
0 89
0 47
0 27
0 67
0 87
0 29
1 125 88
1 126 60
1 127 41
1 4 39
END_STATE
END_LABELED_STATE
BEGIN_LABELED_STATE
102
BEGIN_STATE
0 18
0 53
0 72
0 96
0 71
0 43
0 63
0 70
0 42
0 62
0 17
0 86
0 106
0 107
0 31
0 68
0 28
0 98
0 78
0 99
0 61
0 50
0 40
0 59
0 30
0 39
0 79
0 109
0 37
0 108
0 57
0 77
0 89
0 47
0 27
0 67
0 87
0 29
1 125 88
1 126 60
1 127 41
1 4 49
END_STATE
END_LABELED_STATE
BEGIN_LABELED_STATE
101
BEGIN_STATE
0 18
0 53
0 72
0 96
0 71
0 43
0 63
0 70
0 42
0 62
0 17
0 86
0 106
0 107
0 31
0 68
0 28
0 49
0 98
0 78
0 99
0 61
0 50
0 40
0 30
0 39
0 79
0 109
0 37
0 108
0 57
0 77
0 89
0 47
0 27
0 67
0 87
0 29
1 125 88
1 126 60
1 127 41
1 4 59
END_STATE
END_LABELED_STATE
BEGIN_LABELED_STATE
100
BEGIN_STATE
0 18
0 53
0 72
0 96
0 71
0 43
0 63
0 70
0 42
0 62
0 17
0 86
0 106
0 107
0 31
0 68
0 28
0 49
0 98
0 78
0 99
0 50
0 40
0 59
0 30
0 39
0 79
0 109
0 37
0 108
0 57
0 77
0 89
0 47
0 27
0 67
0 87
0 29
1 125 88
1 126 61
1 127 41
1 4 60
END_STATE
END_LABELED_STATE
BEGIN_LABELED_STATE
99
BEGIN_STATE
0 18
0 53
0 72
0 96
0 71
0 43
0 63
0 42
0 62
0 17
0 86
0 106
0 107
0 31
0 68
0 28
0 49
0 98
0 78
0 99
0 50
0 60
0 40
0 59
0 30
0 39
0 79
0 109
0 37
0 108
0 57
0 77
0 89
0 47
0 27
0 67
0 87
0 29
1 125 88
1 126 61
1 127 41
1 4 70
END_STATE
END_LABELED_STATE
BEGIN_LABELED_STATE
98
BEGIN_STATE
0 18
0 53
0 72
0 96
0 43
0 63
0 70
0 42
0 62
0 17
0 86
0 106
0 107
0 31
0 68
0 28
0 49
0 98
0 78
0 99
0 50
0 60
0 40
0 59
0 30
0 39
0 79
0 109
0 37
0 108
0 57
0 77
0 89
0 47
0 27
0 67
0 87
0 29
1 125 88
1 126 61
1 127 41
1 4 71
END_STATE
END_LABELED_STATE
BEGIN_LABELED_STATE
97
BEGIN_STATE
0 18
0 53
0 96
0 71
0 43
0 63
0 70
0 42
0 62
0 17
0 86
0 106
0 107
0 31
0 68
0 28
0 49
0 98
0 78
0 99
0 50
0 60
0 40
0 59
0 30
0 39
0 79
0 109
0 37
0 108
0 57
0 77
0 89
0 47
0 27
0 67
0 87
0 29
1 125 88
1 126 61
1 127 41
1 4 72
END_STATE
END_LABELED_STATE
BEGIN_LABELED_STATE
96
BEGIN_STATE
0 18
0 53
0 72
0 96
0 71
0 43
0 63
0 70
0 42
0 17
0 86
0 106
0 107
0 31
0 68
0 28
0 49
0 98
0 78
0 99
0 50
0 60
0 40
0 59
0 30
0 39
0 79
0 109
0 37
0 108
0 57
0 77
0 89
0 47
0 27
0 67
0 87
0 29
1 125 88
1 126 61
1 127 41
1 4 62
END_STATE
END_LABELED_STATE
BEGIN_LABELED_STATE
95
BEGIN_STATE
0 18
0 53
0 72
0 96
0 71
0 43
0 63
0 70
0 42
0 62
0 17
0 86
0 106
0 107
0 31
0 68
0 28
0 49
0 98
0 78
0 99
0 50
0 40
0 59
0 30
0 39
0 79
0 109
0 37
0 108
0 57
0 77
0 89
0 47
0 27
0 67
0 87
0 29
1 125 88
1 126 60
1 127 41
1 4 61
END_STATE
END_LABELED_STATE
BEGIN_LABELED_STATE
94
BEGIN_STATE
0 18
0 53
0 72
0 96
0 43
0 63
0 70
0 42
0 62
0 17
0 86
0 106
0 107
0 31
0 68
0 28
0 49
0 98
0 78
0 99
0 61
0 50
0 40
0 59
0 30
0 39
0 79
0 109
0 37
0 108
0 57
0 77
0 89
0 47
0 27
0 67
0 87
0 29
1 125 88
1 126 60
1 127 41
1 4 71
END_STATE
END_LABELED_STATE
BEGIN_LABELED_STATE
93
BEGIN_STATE
0 18
0 53
0 72
0 96
0 71
0 43
0 63
0 42
0 62
0 17
0 86
0 106
0 107
0 31
0 68
0 28
0 49
0 98
0 78
0 99
0 61
0 50
0 40
0 59
0 30
0 39
0 79
0 109
0 37
0 108
0 57
0 77
0 89
0 47
0 27
0 67
0 87
0 29
1 125 88
1 126 60
1 127 41
1 4 70
END_STATE
END_LABELED_STATE
BEGIN_LABELED_STATE
92
BEGIN_STATE
0 18
0 53
0 72
0 96
0 71
0 43
0 63
0 70
0 42
0 62
0 17
0 86
0 106
0 107
0 31
0 68
0 28
0 49
0 98
0 78
0 99
0 61
0 40
0 59
0 30
0 39
0 79
0 109
0 37
0 108
0 57
0 77
0 89
0 47
0 27
0 67
0 87
0 29
1 125 88
1 126 50
1 127 41
1 4 60
END_STATE
END_LABELED_STATE
BEGIN_LABELED_STATE
91
BEGIN_STATE
0 18
0 53
0 72
0 96
0 71
0 43
0 63
0 70
0 42
0 62
0 17
0 86
0 106
0 107
0 31
0 68
0 28
0 49
0 98
0 78
0 99
0 61
0 60
0 59
0 30
0 39
0 79
0 109
0 37
0 108
0 57
0 77
0 89
0 47
0 27
0 67
0 87
0 29
1 125 88
1 126 40
1 127 41
1 4 50
END_STATE
END_LABELED_STATE
BEGIN_LABELED_STATE
90
BEGIN_STATE
0 18
0 53
0 72
0 96
0 71
0 43
0 63
0 70
0 42
0 62
0 17
0 86
0 106
0 107
0 31
0 68
0 28
0 49
0 98
0 78
0 99
0 61
0 50
0 60
0 59
0 39
0 79
0 109
0 37
0 108
0 57
0 77
0 89
0 47
0 27
0 67
0 87
0 29
1 125 88
1 126 30
1 127 41
1 4 40
END_STATE
END_LABELED_STATE
BEGIN_LABELED_STATE
89
BEGIN_STATE
0 18
0 53
0 72
0 96
0 71
0 43
0 63
0 70
0 42
0 62
0 17
0 86
0 106
0 107
0 31
0 68
0 28
0 49
0 98
0 78
0 99
0 61
0 60
0 40
0 59
0 39
0 79
0 109
0 37
0 108
0 57
0 77
0 89
0 47
0 27
0 67
0 87
0 29
1 125 88
1 126 30
1 127 41
1 4 50
END_STATE
END_LABELED_STATE
BEGIN_LABELED_STATE
88
BEGIN_STATE
0 18
0 53
0 72
0 96
0 71
0 43
0 63
0 70
0 42
0 62
0 17
0 86
0 106
0 107
0 31
0 68
0 28
0 49
0 98
0 78
0 99
0 61
0 50
0 40
0 59
0 39
0 79
0 109
0 37
0 108
0 57
0 77
0 89
0 47
0 27
0 67
0 87
0 29
1 125 88
1 126 30
1 127 41
1 4 60
END_STATE
END_LABELED_STATE
BEGIN_LABELED_STATE
87
BEGIN_STATE
0 18
0 53
0 72
0 96
0 71
0 43
0 63
0 70
0 42
0 62
0 17
0 86
0 106
0 107
0 31
0 68
0 28
0 49
0 98
0 78
0 99
0 50
0 60
0 40
0 59
0 39
0 79
0 109
0 37
0 108
0 57
0 77
0 89
0 47
0 27
0 67
0 87
0 29
1 125 88
1 126 30
1 127 41
1 4 61
END_STATE
END_LABELED_STATE
BEGIN_LABELED_STATE
86
BEGIN_STATE
0 18
0 53
0 72
0 96
0 71
0 43
0 63
0 70
0 42
0 17
0 86
0 106
0 107
0 31
0 68
0 28
0 49
0 98
0 78
0 99
0 61
0 50
0 60
0 40
0 59
0 39
0 79
0 109
0 37
0 108
0 57
0 77
0 89
0 47
0 27
0 67
0 87
0 29
1 125 88
1 126 30
1 127 41
1 4 62
END_STATE
END_LABELED_STATE
BEGIN_LABELED_STATE
85
BEGIN_STATE
0 18
0 53
0 72
0 96
0 71
0 43
0 70
0 42
0 62
0 17
0 86
0 106
0 107
0 31
0 68
0 28
0 49
0 98
0 78
0 99
0 61
0 50
0 60
0 40
0 59
0 39
0 79
0 109
0 37
0 108
0 57
0 77
0 89
0 47
0 27
0 67
0 87
0 29
1 125 88
1 126 30
1 127 41
1 4 63
END_STATE
END_LABELED_STATE
BEGIN_LABELED_STATE
84
BEGIN_STATE
0 18
0 72
0 96
0 71
0 43
0 63
0 70
0 42
0 62
0 17
0 86
0 106
0 107
0 31
0 68
0 28
0 49
0 98
0 78
0 99
0 61
0 50
0 60
0 40
0 59
0 39
0 79
0 109
0 37
0 108
0 57
0 77
0 89
0 47
0 27
0 67
0 87
0 29
1 125 88
1 126 30
1 127 41
1 4 53
END_STATE
END_LABELED_STATE
BEGIN_LABELED_STATE
83
BEGIN_STATE
0 18
0 53
0 72
0 96
0 71
0 63
0 70
0 42
0 62
0 17
0 86
0 106
0 107
0 31
0 68
0 28
0 49
0 98
0 78
0 99
0 61
0 50
0 60
0 40
0 59
0 39
0 79
0 109
0 37
0 108
0 57
0 77
0 89
0 47
0 27
0 67
0 87
0 29
1 125 88
1 126 30
1 127 41
1 4 43
END_STATE
END_LABELED_STATE
BEGIN_LABELED_STATE
82
BEGIN_STATE
0 18
0 53
0 72
0 96
0 71
0 43
0 63
0 70
0 62
0 17
0 86
0 106
0 107
0 31
0 68
0 28
0 49
0 98
0 78
0 99
0 61
0 50
0 60
0 40
0 59
0 39
0 79
0 109
0 37
0 108
0 57
0 77
0 89
0 47
0 27
0 67
0 87
0 29
1 125 88
1 126 30
1 127 41
1 4 42
END_STATE
END_LABELED_STATE
BEGIN_LABELED_STATE
81
BEGIN_STATE
0 18
0 53
0 72
0 96
0 71
0 43
0 63
0 70
0 42
0 62
0 17
0 86
0 106
0 107
0 31
0 68
0 28
0 49
0 98
0 78
0 99
0 61
0 50
0 60
0 59
0 39
0 79
0 109
0 37
0 108
0 57
0 77
0 89
0 47
0 27
0 67
0 87
0 29
1 125 88
1 126 30
1 127 40
1 4 41
END_STATE
END_LABELED_STATE
BEGIN_LABELED_STATE
80
BEGIN_STATE
0 18
0 53
0 72
0 96
0 71
0 43
0 63
0 70
0 42
0 62
0 17
0 86
0 106
0 107
0 68
0 28
0 49
0 98
0 78
0 99
0 61
0 41
0 50
0 60
0 59
0 39
0 79
0 109
0 37
0 108
0 57
0 77
0 89
0 47
0 27
0 67
0 87
0 29
1 125 88
1 126 30
1 127 40
1 4 31
END_STATE
END_LABELED_STATE
BEGIN_LABELED_STATE
79
BEGIN_STATE
0 18
0 53
0 72
0 96
0 71
0 43
0 63
0 70
0 42
0 62
0 17
0 86
0 106
0 107
0 31
0 68
0 28
0 49
0 98
0 78
0 99
0 61
0 41
0 50
0 60
0 59
0 39
0 79
0 109
0 37
0 108
0 57
0 77
0 89
0 47
0 27
0 67
0 87
1 125 88
1 126 29
1 127 40
1 4 30
END_STATE
END_LABELED_STATE
BEGIN_LABELED_STATE
78
BEGIN_STATE
0 18
0 53
0 72
0 96
0 71
0 43
0 63
0 70
0 42
0 62
0 17
0 86
0 106
0 107
0 31
0 68
0 49
0 98
0 78
0 99
0 61
0 41
0 50
0 60
0 59
0 30
0 39
0 79
0 109
0 37
0 108
0 57
0 77
0 89
0 47
0 27
0 67
0 87
1 125 88
1 126 28
1 127 40
1 4 29
END_STATE
END_LABELED_STATE
BEGIN_LABELED_STATE
77
BEGIN_STATE
0 18
0 53
0 72
0 96
0 71
0 43
0 63
0 70
0 42
0 62
0 17
0 86
0 106
0 107
0 31
0 68
0 49
0 98
0 78
0 99
0 61
0 41
0 50
0 60
0 59
0 30
0 39
0 79
0 109
0 37
0 108
0 57
0 77
0 89
0 47
0 67
0 87
0 29
1 125 88
1 126 27
1 127 40
1 4 28
END_STATE
END_LABELED_STATE
BEGIN_LABELED_STATE
76
BEGIN_STATE
0 53
0 72
0 96
0 71
0 43
0 63
0 70
0 42
0 62
0 17
0 86
0 106
0 107
0 31
0 68
0 28
0 49
0 98
0 78
0 99
0 61
0 41
0 50
0 60
0 59
0 30
0 39
0 79
0 109
0 37
0 108
0 57
0 77
0 89
0 47
0 67
0 87
0 29
1 125 88
1 126 27
1 127 40
1 4 18
END_STATE
END_LABELED_STATE
BEGIN_LABELED_STATE
75
BEGIN_STATE
0 18
0 53
0 72
0 96
0 71
0 43
0 63
0 70
0 42
0 62
0 86
0 106
0 107
0 31
0 68
0 28
0 49
0 98
0 78
0 99
0 61
0 41
0 50
0 60
0 59
0 30
0 39
0 79
0 109
0 37
0 108
0 57
0 77
0 89
0 47
0 67
0 87
0 29
1 125 88
1 126 27
1 127 40
1 4 17
END_STATE
END_LABELED_STATE
BEGIN_LABELED_STATE
74
BEGIN_STATE
0 18
0 53
0 72
0 96
0 71
0 43
0 63
0 70
0 42
0 62
0 17
0 86
0 106
0 107
0 31
0 68
0 28
0 49
0 98
0 78
0 99
0 61
0 41
0 50
0 60
0 59
0 30
0 39
0 79
0 109
0 108
0 57
0 77
0 89
0 47
0 67
0 87
0 29
1 125 88
1 126 37
1 127 40
1 4 27
END_STATE
END_LABELED_STATE
BEGIN_LABELED_STATE
73
BEGIN_STATE
0 18
0 53
0 72
0 96
0 71
0 43
0 63
0 70
0 42
0 62
0 17
0 86
0 106
0 107
0 31
0 68
0 28
0 49
0 98
0 78
0 99
0 61
0 41
0 50
0 60
0 59
0 30
0 39
0 79
0 109
0 108
0 57
0 77
0 89
0 27
0 67
0 87
0 29
1 125 88
1 126 47
1 127 40
1 4 37
END_STATE
END_LABELED_STATE
BEGIN_LABELED_STATE
72
BEGIN_STATE
0 18
0 53
0 72
0 96
0 71
0 43
0 63
0 70
0 42
0 62
0 17
0 86
0 106
0 107
0 31
0 68
0 28
0 49
0 98
0 78
0 99
0 61
0 41
0 50
0 60
0 59
0 30
0 39
0 79
0 109
0 37
0 108
0 77
0 89
0 27
0 67
0 87
0 29
1 125 88
1 126 57
1 127 40
1 4 47
2 126
END_STATE
END_LABELED_STATE
BEGIN_LABELED_STATE
71
BEGIN_STATE
0 18
0 53
0 72
0 96
0 71
0 43
0 63
0 70
0 42
0 62
0 17
0 86
0 106
0 107
0 31
0 68
0 28
0 49
0 98
0 78
0 99
0 61
0 41
0 50
0 60
0 59
0 30
0 39
0 79
0 109
0 37
0 108
0 77
0 89
0 47
0 27
0 87
0 29
1 125 88
1 126 67
1 127 40
1 4 57
END_STATE
END_LABELED_STATE
BEGIN_LABELED_STATE
70
BEGIN_STATE
0 18
0 53
0 72
0 96
0 71
0 43
0 63
0 70
0 42
0 62
0 17
0 86
0 106
0 107
0 31
0 68
0 28
0 49
0 98
0 78
0 99
0 61
0 41
0 50
0 60
0 59
0 30
0 39
0 79
0 109
0 37
0 108
0 57
0 89
0 47
0 27
0 87
0 29
1 125 88
1 126 77
1 127 40
1 4 67
END_STATE
END_LABELED_STATE
BEGIN_LABELED_STATE
69
BEGIN_STATE
0 18
0 53
0 72
0 96
0 71
0 43
0 63
0 70
0 42
0 62
0 17
0 86
0 106
0 107
0 31
0 68
0 28
0 49
0 98
0 78
0 99
0 61
0 41
0 50
0 60
0 59
0 30
0 39
0 79
0 109
0 37
0 108
0 57
0 89
0 47
0 27
0 67
0 29
1 125 88
1 126 87
1 127 40
1 4 77
END_STATE
END_LABELED_STATE
BEGIN_LABELED_STATE
68
BEGIN_STATE
0 18
0 53
0 72
0 96
0 71
0 43
0 63
0 70
0 42
0 62
0 17
0 86
0 106
0 107
0 31
0 68
0 28
0 49
0 98
0 78
0 99
0 61
0 41
0 50
0 60
0 59
0 30
0 39
0 79
0 109
0 37
0 108
0 57
0 77
0 89
0 47
0 27
0 29
1 125 88
1 126 87
1 127 40
1 4 67
END_STATE
END_LABELED_STATE
BEGIN_LABELED_STATE
67
BEGIN_STATE
0 18
0 53
0 72
0 96
0 71
0 43
0 63
0 70
0 42
0 62
0 17
0 86
0 106
0 107
0 31
0 68
0 28
0 49
0 98
0 78
0 99
0 61
0 41
0 50
0 60
0 59
0 30
0 39
0 79
0 109
0 37
0 108
0 77
0 89
0 47
0 27
0 67
0 29
1 125 88
1 126 87
1 127 40
1 4 57
END_STATE
END_LABELED_STATE
BEGIN_LABELED_STATE
66
BEGIN_STATE
0 18
0 53
0 72
0 96
0 71
0 43
0 63
0 70
0 42
0 62
0 17
0 86
0 106
0 107
0 31
0 68
0 28
0 49
0 98
0 78
0 99
0 61
0 41
0 50
0 60
0 59
0 30
0 39
0 79
0 109
0 37
0 108
0 57
0 77
0 89
0 27
0 67
0 29
1 125 88
1 126 87
1 127 40
1 4 47
END_STATE
END_LABELED_STATE
BEGIN_LABELED_STATE
65
BEGIN_STATE
0 18
0 53
0 72
0 96
0 71
0 43
0 63
0 70
0 42
0 62
0 17
0 86
0 106
0 107
0 31
0 68
0 28
0 49
0 98
0 78
0 99
0 61
0 41
0 50
0 60
0 59
0 30
0 39
0 79
0 109
0 108
0 57
0 77
0 89
0 47
0 27
0 67
0 29
1 125 88
1 126 87
1 127 40
1 4 37
END_STATE
END_LABELED_STATE
BEGIN_LABELED_STATE
64
BEGIN_STATE
0 18
0 53
0 72
0 96
0 71
0 43
0 63
0 70
0 42
0 62
0 17
0 86
0 106
0 107
0 31
0 68
0 28
0 49
0 98
0 78
0 99
0 61
0 41
0 50
0 60
0 59
0 30
0 39
0 79
0 109
0 37
0 108
0 57
0 77
0 89
0 47
0 67
0 29
1 125 88
1 126 87
1 127 40
1 4 27
END_STATE
END_LABELED_STATE
BEGIN_LABELED_STATE
63
BEGIN_STATE
0 18
0 53
0 72
0 96
0 71
0 43
0 63
0 70
0 42
0 62
0 17
0 86
0 106
0 107
0 31
0 68
0 49
0 98
0 78
0 99
0 61
0 41
0 50
0 60
0 59
0 30
0 39
0 79
0 109
0 37
0 108
0 57
0 77
0 89
0 47
0 27
0 67
0 29
1 125 88
1 126 87
1 127 40
1 4 28
END_STATE
END_LABELED_STATE
BEGIN_LABELED_STATE
62
BEGIN_STATE
0 18
0 53
0 72
0 96
0 71
0 43
0 63
0 70
0 42
0 62
0 17
0 86
0 106
0 107
0 31
0 68
0 28
0 49
0 98
0 78
0 99
0 61
0 41
0 50
0 60
0 59
0 30
0 39
0 79
0 109
0 37
0 108
0 57
0 77
0 89
0 47
0 27
0 67
1 125 88
1 126 87
1 127 40
1 4 29
END_STATE
END_LABELED_STATE
BEGIN_LABELED_STATE
61
BEGIN_STATE
0 18
0 53
0 72
0 96
0 71
0 43
0 63
0 70
0 42
0 62
0 17
0 86
0 106
0 107
0 31
0 68
0 28
0 49
0 98
0 78
0 99
0 61
0 41
0 50
0 60
0 59
0 30
0 79
0 109
0 37
0 108
0 57
0 77
0 89
0 47
0 27
0 67
0 29
1 125 88
1 126 87
1 127 40
1 4 39
END_STATE
END_LABELED_STATE
BEGIN_LABELED_STATE
60
BEGIN_STATE
0 18
0 53
0 72
0 96
0 71
0 43
0 63
0 70
0 42
0 62
0 17
0 86
0 106
0 107
0 31
0 68
0 28
0 98
0 78
0 99
0 61
0 41
0 50
0 60
0 59
0 30
0 39
0 79
0 109
0 37
0 108
0 57
0 77
0 89
0 47
0 27
0 67
0 29
1 125 88
1 126 87
1 127 40
1 4 49
END_STATE
END_LABELED_STATE
BEGIN_LABELED_STATE
59
BEGIN_STATE
0 18
0 53
0 72
0 96
0 71
0 43
0 63
0 70
0 42
0 62
0 17
0 86
0 106
0 107
0 31
0 68
0 28
0 49
0 98
0 78
0 99
0 61
0 41
0 60
0 59
0 30
0 39
0 79
0 109
0 37
0 108
0 57
0 77
0 89
0 47
0 27
0 67
0 29
1 125 88
1 126 87
1 127 40
1 4 50
END_STATE
END_LABELED_STATE
BEGIN_LABELED_STATE
58
BEGIN_STATE
0 18
0 53
0 72
0 96
0 71
0 43
0 63
0 70
0 42
0 62
0 17
0 86
0 106
0 107
0 31
0 68
0 28
0 49
0 98
0 78
0 99
0 61
0 41
0 50
0 60
0 59
0 39
0 79
0 109
0 37
0 108
0 57
0 77
0 89
0 47
0 27
0 67
0 29
1 125 88
1 126 87
1 127 30
1 4 40
END_STATE
END_LABELED_STATE
BEGIN_LABELED_STATE
57
BEGIN_STATE
0 18
0 53
0 72
0 96
0 71
0 43
0 63
0 70
0 42
0 62
0 17
0 86
0 106
0 107
0 31
0 68
0 28
0 49
0 98
0 78
0 99
0 61
0 50
0 60
0 40
0 59
0 39
0 79
0 109
0 37
0 108
0 57
0 77
0 89
0 47
0 27
0 67
0 29
1 125 88
1 126 87
1 127 30
1 4 41
END_STATE
END_LABELED_STATE
BEGIN_LABELED_STATE
56
BEGIN_STATE
0 18
0 53
0 72
0 96
0 71
0 43
0 63
0 70
0 42
0 62
0 17
0 86
0 106
0 107
0 68
0 28
0 49
0 98
0 78
0 99
0 61
0 41
0 50
0 60
0 40
0 59
0 39
0 79
0 109
0 37
0 108
0 57
0 77
0 89
0 47
0 27
0 67
0 29
1 125 88
1 126 87
1 127 30
1 4 31
END_STATE
END_LABELED_STATE
BEGIN_LABELED_STATE
55
BEGIN_STATE
0 18
0 53
0 72
0 96
0 71
0 43
0 63
0 70
0 42
0 62
0 17
0 86
0 106
0 107
0 31
0 68
0 28
0 49
0 98
0 78
0 99
0 61
0 41
0 50
0 60
0 40
0 59
0 39
0 79
0 109
0 37
0 108
0 57
0 77
0 89
0 47
0 27
0 67
1 125 88
1 126 87
1 127 29
1 4 30
END_STATE
END_LABELED_STATE
BEGIN_LABELED_STATE
54
BEGIN_STATE
0 18
0 53
0 72
0 96
0 71
0 43
0 63
0 70
0 42
0 62
0 17
0 86
0 106
0 107
0 31
0 68
0 49
0 98
0 78
0 99
0 61
0 41
0 50
0 60
0 40
0 59
0 30
0 39
0 79
0 109
0 37
0 108
0 57
0 77
0 89
0 47
0 27
0 67
1 125 88
1 126 87
1 127 28
1 4 29
END_STATE
END_LABELED_STATE
BEGIN_LABELED_STATE
53
BEGIN_STATE
0 18
0 53
0 72
0 96
0 71
0 43
0 63
0 70
0 42
0 62
0 17
0 86
0 106
0 107
0 31
0 68
0 49
0 98
0 78
0 99
0 61
0 41
0 50
0 60
0 40
0 59
0 30
0 39
0 79
0 109
0 37
0 108
0 57
0 77
0 89
0 47
0 67
0 29
1 125 88
1 126 87
1 127 27
1 4 28
END_STATE
END_LABELED_STATE
BEGIN_LABELED_STATE
52
BEGIN_STATE
0 53
0 72
0 96
0 71
0 43
0 63
0 70
0 42
0 62
0 17
0 86
0 106
0 107
0 31
0 68
0 28
0 49
0 98
0 78
0 99
0 61
0 41
0 50
0 60
0 40
0 59
0 30
0 39
0 79
0 109
0 37
0 108
0 57
0 77
0 89
0 47
0 67
0 29
1 125 88
1 126 87
1 127 27
1 4 18
END_STATE
END_LABELED_STATE
BEGIN_LABELED_STATE
51
BEGIN_STATE
0 18
0 53
0 72
0 96
0 71
0 43
0 63
0 70
0 42
0 62
0 86
0 106
0 107
0 31
0 68
0 28
0 49
0 98
0 78
0 99
0 61
0 41
0 50
0 60
0 40
0 59
0 30
0 39
0 79
0 109
0 37
0 108
0 57
0 77
0 89
0 47
0 67
0 29
1 125 88
1 126 87
1 127 27
1 4 17
END_STATE
END_LABELED_STATE
BEGIN_LABELED_STATE
50
BEGIN_STATE
0 18
0 53
0 72
0 96
0 71
0 43
0 63
0 70
0 42
0 62
0 17
0 86
0 106
0 107
0 31
0 68
0 28
0 49
0 98
0 78
0 99
0 61
0 41
0 50
0 60
0 40
0 59
0 30
0 39
0 79
0 109
0 108
0 57
0 77
0 89
0 47
0 67
0 29
1 125 88
1 126 87
1 127 37
1 4 27
END_STATE
END_LABELED_STATE
BEGIN_LABELED_STATE
49
BEGIN_STATE
0 18
0 53
0 72
0 96
0 71
0 43
0 63
0 70
0 42
0 62
0 17
0 86
0 106
0 107
0 31
0 68
0 28
0 49
0 98
0 78
0 99
0 61
0 41
0 50
0 60
0 40
0 59
0 30
0 39
0 79
0 109
0 108
0 57
0 77
0 89
0 27
0 67
0 29
1 125 88
1 126 87
1 127 47
1 4 37
END_STATE
END_LABELED_STATE
BEGIN_LABELED_STATE
48
BEGIN_STATE
0 18
0 53
0 72
0 96
0 71
0 43
0 63
0 70
0 42
0 62
0 17
0 86
0 106
0 107
0 31
0 68
0 28
0 49
0 98
0 78
0 99
0 61
0 41
0 50
0 60
0 40
0 59
0 30
0 39
0 79
0 109
0 37
0 108
0 77
0 89
0 27
0 67
0 29
1 125 88
1 126 87
1 127 57
1 4 47
2 127
END_STATE
END_LABELED_STATE
BEGIN_LABELED_STATE
47
BEGIN_STATE
0 18
0 53
0 72
0 96
0 71
0 43
0 63
0 70
0 42
0 62
0 17
0 86
0 106
0 107
0 31
0 68
0 28
0 49
0 98
0 78
0 99
0 61
0 41
0 50
0 60
0 40
0 59
0 30
0 39
0 79
0 109
0 37
0 108
0 77
0 89
0 47
0 27
0 29
1 125 88
1 126 87
1 127 67
1 4 57
END_STATE
END_LABELED_STATE
BEGIN_LABELED_STATE
46
BEGIN_STATE
0 18
0 53
0 72
0 96
0 71
0 43
0 63
0 70
0 42
0 62
0 17
0 86
0 106
0 107
0 31
0 68
0 28
0 49
0 98
0 78
0 99
0 61
0 41
0 50
0 60
0 40
0 59
0 30
0 39
0 79
0 109
0 37
0 108
0 57
0 89
0 47
0 27
0 29
1 125 88
1 126 87
1 127 77
1 4 67
END_STATE
END_LABELED_STATE
BEGIN_LABELED_STATE
45
BEGIN_STATE
0 18
0 53
0 72
0 96
0 71
0 43
0 63
0 70
0 42
0 62
0 17
0 86
0 106
0 107
0 31
0 28
0 49
0 98
0 78
0 99
0 61
0 41
0 50
0 60
0 40
0 59
0 30
0 39
0 79
0 109
0 37
0 108
0 57
0 89
0 47
0 27
0 67
0 29
1 125 88
1 126 87
1 127 77
1 4 68
END_STATE
END_LABELED_STATE
BEGIN_LABELED_STATE
44
BEGIN_STATE
0 18
0 53
0 72
0 96
0 71
0 43
0 63
0 70
0 42
0 62
0 17
0 86
0 106
0 107
0 31
0 68
0 28
0 49
0 98
0 99
0 61
0 41
0 50
0 60
0 40
0 59
0 30
0 39
0 79
0 109
0 37
0 108
0 57
0 89
0 47
0 27
0 67
0 29
1 125 88
1 126 87
1 127 77
1 4 78
END_STATE
END_LABELED_STATE
BEGIN_LABELED_STATE
43
BEGIN_STATE
0 18
0 53
0 72
0 96
0 71
0 43
0 63
0 70
0 42
0 62
0 17
0 86
0 106
0 107
0 31
0 68
0 28
0 49
0 98
0 78
0 99
0 61
0 41
0 50
0 60
0 40
0 59
0 30
0 39
0 109
0 37
0 108
0 57
0 89
0 47
0 27
0 67
0 29
1 125 88
1 126 87
1 127 77
1 4 79
END_STATE
END_LABELED_STATE
BEGIN_LABELED_STATE
42
BEGIN_STATE
0 18
0 53
0 72
0 96
0 71
0 43
0 63
0 70
0 42
0 62
0 17
0 86
0 106
0 107
0 31
0 68
0 28
0 49
0 98
0 78
0 99
0 61
0 41
0 50
0 60
0 40
0 59
0 30
0 39
0 79
0 109
0 37
0 108
0 57
0 47
0 27
0 67
0 29
1 125 88
1 126 87
1 127 77
1 4 89
END_STATE
END_LABELED_STATE
BEGIN_LABELED_STATE
41
BEGIN_STATE
0 18
0 53
0 72
0 96
0 71
0 43
0 63
0 70
0 42
0 62
0 17
0 86
0 106
0 107
0 31
0 68
0 28
0 49
0 98
0 78
0 61
0 41
0 50
0 60
0 40
0 59
0 30
0 39
0 79
0 109
0 37
0 108
0 57
0 89
0 47
0 27
0 67
0 29
1 125 88
1 126 87
1 127 77
1 4 99
END_STATE
END_LABELED_STATE
BEGIN_LABELED_STATE
40
BEGIN_STATE
0 18
0 53
0 72
0 96
0 71
0 43
0 63
0 70
0 42
0 62
0 17
0 86
0 106
0 107
0 31
0 68
0 28
0 49
0 78
0 99
0 61
0 41
0 50
0 60
0 40
0 59
0 30
0 39
0 79
0 109
0 37
0 108
0 57
0 89
0 47
0 27
0 67
0 29
1 125 88
1 126 87
1 127 77
1 4 98
END_STATE
END_LABELED_STATE
BEGIN_LABELED_STATE
39
BEGIN_STATE
0 18
0 53
0 72
0 96
0 71
0 43
0 63
0 70
0 42
0 62
0 17
0 86
0 106
0 107
0 31
0 68
0 28
0 49
0 98
0 99
0 61
0 41
0 50
0 60
0 40
0 59
0 30
0 39
0 79
0 109
0 37
0 108
0 57
0 89
0 47
0 27
0 67
0 29
1 125 78
1 126 87
1 127 77
1 4 88
END_STATE
END_LABELED_STATE
BEGIN_LABELED_STATE
38
BEGIN_STATE
0 18
0 53
0 72
0 96
0 71
0 43
0 63
0 70
0 42
0 62
0 17
0 86
0 106
0 107
0 31
0 68
0 28
0 49
0 99
0 61
0 41
0 50
0 60
0 40
0 59
0 30
0 39
0 79
0 109
0 37
0 108
0 57
0 89
0 47
0 27
0 67
0 29
0 88
1 125 78
1 126 87
1 127 77
1 4 98
END_STATE
END_LABELED_STATE
BEGIN_LABELED_STATE
37
BEGIN_STATE
0 18
0 53
0 72
0 96
0 71
0 43
0 63
0 70
0 42
0 62
0 17
0 86
0 106
0 107
0 31
0 68
0 28
0 49
0 98
0 99
0 61
0 41
0 50
0 60
0 40
0 59
0 30
0 39
0 79
0 109
0 37
0 57
0 89
0 47
0 27
0 67
0 29
0 88
1 125 78
1 126 87
1 127 77
1 4 108
END_STATE
END_LABELED_STATE
BEGIN_LABELED_STATE
36
BEGIN_STATE
0 18
0 53
0 72
0 96
0 71
0 43
0 63
0 70
0 42
0 62
0 17
0 86
0 106
0 31
0 68
0 28
0 49
0 98
0 99
0 61
0 41
0 50
0 60
0 40
0 59
0 30
0 39
0 79
0 109
0 37
0 108
0 57
0 89
0 47
0 27
0 67
0 29
0 88
1 125 78
1 126 87
1 127 77
1 4 107
END_STATE
END_LABELED_STATE
BEGIN_LABELED_STATE
35
BEGIN_STATE
0 18
0 53
0 72
0 96
0 71
0 43
0 63
0 70
0 42
0 62
0 17
0 86
0 107
0 31
0 68
0 28
0 49
0 98
0 99
0 61
0 41
0 50
0 60
0 40
0 59
0 30
0 39
0 79
0 109
0 37
0 108
0 57
0 89
0 47
0 27
0 67
0 29
0 88
1 125 78
1 126 87
1 127 77
1 4 106
END_STATE
END_LABELED_STATE
BEGIN_LABELED_STATE
34
BEGIN_STATE
0 18
0 53
0 72
0 71
0 43
0 63
0 70
0 42
0 62
0 17
0 86
0 106
0 107
0 31
0 68
0 28
0 49
0 98
0 99
0 61
0 41
0 50
0 60
0 40
0 59
0 30
0 39
0 79
0 109
0 37
0 108
0 57
0 89
0 47
0 27
0 67
0 29
0 88
1 125 78
1 126 87
1 127 77
1 4 96
END_STATE
END_LABELED_STATE
BEGIN_LABELED_STATE
33
BEGIN_STATE
0 18
0 53
0 72
0 96
0 71
0 43
0 63
0 70
0 42
0 62
0 17
0 106
0 107
0 31
0 68
0 28
0 49
0 98
0 99
0 61
0 41
0 50
0 60
0 40
0 59
0 30
0 39
0 79
0 109
0 37
0 108
0 57
0 89
0 47
0 27
0 67
0 29
0 88
1 125 78
1 126 87
1 127 77
1 4 86
END_STATE
END_LABELED_STATE
BEGIN_LABELED_STATE
32
BEGIN_STATE
0 18
0 53
0 72
0 96
0 71
0 43
0 63
0 70
0 42
0 62
0 17
0 86
0 106
0 107
0 31
0 68
0 28
0 49
0 98
0 99
0 61
0 41
0 50
0 60
0 40
0 59
0 30
0 39
0 79
0 109
0 37
0 108
0 57
0 89
0 47
0 27
0 67
0 29
1 125 78
1 126 88
1 127 77
1 4 87
END_STATE
END_LABELED_STATE
BEGIN_LABELED_STATE
31
BEGIN_STATE
0 18
0 53
0 72
0 96
0 71
0 43
0 63
0 70
0 42
0 62
0 17
0 86
0 106
0 107
0 31
0 68
0 28
0 49
0 98
0 99
0 61
0 41
0 50
0 60
0 40
0 59
0 30
0 39
0 79
0 109
0 37
0 108
0 57
0 89
0 47
0 27
0 87
0 29
1 125 78
1 126 88
1 127 67
1 4 77
END_STATE
END_LABELED_STATE
BEGIN_LABELED_STATE
30
BEGIN_STATE
0 18
0 53
0 72
0 96
0 71
0 43
0 63
0 70
0 42
0 62
0 17
0 86
0 106
0 107
0 31
0 68
0 28
0 49
0 98
0 99
0 61
0 41
0 50
0 60
0 40
0 59
0 30
0 39
0 79
0 109
0 37
0 108
0 77
0 89
0 47
0 27
0 87
0 29
1 125 78
1 126 88
1 127 57
1 4 67
2 127
END_STATE
END_LABELED_STATE
BEGIN_LABELED_STATE
29
BEGIN_STATE
0 18
0 53
0 72
0 96
0 71
0 43
0 63
0 70
0 42
0 62
0 17
0 86
0 106
0 107
0 31
0 68
0 28
0 49
0 98
0 99
0 61
0 41
0 50
0 60
0 40
0 59
0 30
0 39
0 79
0 109
0 37
0 108
0 77
0 89
0 27
0 67
0 87
0 29
1 125 78
1 126 88
1 127 47
1 4 57
END_STATE
END_LABELED_STATE
BEGIN_LABELED_STATE
28
BEGIN_STATE
0 18
0 53
0 72
0 96
0 71
0 43
0 63
0 70
0 42
0 62
0 17
0 86
0 106
0 107
0 31
0 68
0 28
0 49
0 98
0 99
0 61
0 41
0 50
0 60
0 40
0 59
0 30
0 39
0 79
0 109
0 108
0 57
0 77
0 89
0 27
0 67
0 87
0 29
1 125 78
1 126 88
1 127 37
1 4 47
END_STATE
END_LABELED_STATE
BEGIN_LABELED_STATE
27
BEGIN_STATE
0 18
0 53
0 72
0 96
0 71
0 43
0 63
0 70
0 42
0 62
0 17
0 86
0 106
0 107
0 31
0 68
0 28
0 49
0 98
0 99
0 61
0 41
0 50
0 60
0 40
0 59
0 30
0 39
0 79
0 109
0 108
0 57
0 77
0 89
0 47
0 67
0 87
0 29
1 125 78
1 126 88
1 127 27
1 4 37
END_STATE
END_LABELED_STATE
BEGIN_LABELED_STATE
26
BEGIN_STATE
0 18
0 53
0 72
0 96
0 71
0 43
0 63
0 70
0 42
0 62
0 86
0 106
0 107
0 31
0 68
0 28
0 49
0 98
0 99
0 61
0 41
0 50
0 60
0 40
0 59
0 30
0 39
0 79
0 109
0 37
0 108
0 57
0 77
0 89
0 47
0 67
0 87
0 29
1 125 78
1 126 88
1 127 17
1 4 27
2 127
END_STATE
END_LABELED_STATE
BEGIN_LABELED_STATE
25
BEGIN_STATE
0 18
0 53
0 72
0 96
0 71
0 43
0 63
0 70
0 42
0 62
0 86
0 106
0 107
0 31
0 68
0 28
0 49
0 98
0 99
0 61
0 41
0 50
0 60
0 40
0 59
0 30
0 39
0 79
0 109
0 108
0 57
0 77
0 89
0 47
0 27
0 67
0 87
0 29
1 125 78
1 126 88
1 127 17
1 4 37
2 127
END_STATE
END_LABELED_STATE
BEGIN_LABELED_STATE
24
BEGIN_STATE
0 18
0 53
0 72
0 96
0 71
0 43
0 63
0 70
0 42
0 62
0 86
0 106
0 107
0 31
0 68
0 28
0 49
0 98
0 99
0 61
0 41
0 50
0 60
0 40
0 59
0 30
0 39
0 79
0 109
0 37
0 108
0 57
0 77
0 89
0 27
0 67
0 87
0 29
1 125 78
1 126 88
1 127 17
1 4 47
2 127
END_STATE
END_LABELED_STATE
BEGIN_LABELED_STATE
23
BEGIN_STATE
0 18
0 53
0 72
0 96
0 71
0 43
0 63
0 70
0 42
0 62
0 86
0 106
0 107
0 31
0 68
0 28
0 49
0 98
0 99
0 61
0 41
0 50
0 60
0 40
0 59
0 30
0 39
0 79
0 109
0 37
0 108
0 77
0 89
0 47
0 27
0 67
0 87
0 29
1 125 78
1 126 88
1 127 17
1 4 57
2 127
END_STATE
END_LABELED_STATE
BEGIN_LABELED_STATE
22
BEGIN_STATE
0 18
0 53
0 72
0 96
0 71
0 43
0 63
0 70
0 42
0 62
0 86
0 106
0 107
0 31
0 68
0 28
0 49
0 98
0 99
0 61
0 41
0 50
0 60
0 40
0 59
0 30
0 39
0 79
0 109
0 37
0 108
0 57
0 77
0 89
0 47
0 27
0 87
0 29
1 125 78
1 126 88
1 127 17
1 4 67
2 127
END_STATE
END_LABELED_STATE
BEGIN_LABELED_STATE
21
BEGIN_STATE
0 18
0 53
0 72
0 96
0 71
0 43
0 63
0 70
0 42
0 62
0 86
0 106
0 107
0 31
0 68
0 28
0 49
0 98
0 99
0 61
0 41
0 50
0 60
0 40
0 59
0 30
0 39
0 79
0 109
0 37
0 108
0 57
0 89
0 47
0 27
0 67
0 87
0 29
1 125 78
1 126 88
1 127 17
1 4 77
2 127
END_STATE
END_LABELED_STATE
BEGIN_LABELED_STATE
20
BEGIN_STATE
0 18
0 53
0 72
0 96
0 71
0 43
0 63
0 70
0 42
0 62
0 86
0 106
0 107
0 31
0 68
0 28
0 49
0 98
0 99
0 61
0 41
0 50
0 60
0 40
0 59
0 30
0 39
0 79
0 109
0 37
0 108
0 57
0 77
0 89
0 47
0 27
0 67
0 29
1 125 78
1 126 88
1 127 17
1 4 87
2 127
END_STATE
END_LABELED_STATE
BEGIN_LABELED_STATE
19
BEGIN_STATE
0 18
0 53
0 72
0 96
0 71
0 43
0 63
0 70
0 42
0 62
0 106
0 107
0 31
0 68
0 28
0 49
0 98
0 99
0 61
0 41
0 50
0 60
0 40
0 59
0 30
0 39
0 79
0 109
0 37
0 108
0 57
0 77
0 89
0 47
0 27
0 67
0 87
0 29
1 125 78
1 126 88
1 127 17
1 4 86
2 127
END_STATE
END_LABELED_STATE
BEGIN_LABELED_STATE
18
BEGIN_STATE
0 18
0 53
0 72
0 71
0 43
0 63
0 70
0 42
0 62
0 86
0 106
0 107
0 31
0 68
0 28
0 49
0 98
0 99
0 61
0 41
0 50
0 60
0 40
0 59
0 30
0 39
0 79
0 109
0 37
0 108
0 57
0 77
0 89
0 47
0 27
0 67
0 87
0 29
1 125 78
1 126 88
1 127 17
1 4 96
2 127
END_STATE
END_LABELED_STATE
BEGIN_LABELED_STATE
17
BEGIN_STATE
0 18
0 53
0 72
0 96
0 71
0 43
0 63
0 70
0 42
0 62
0 86
0 107
0 31
0 68
0 28
0 49
0 98
0 99
0 61
0 41
0 50
0 60
0 40
0 59
0 30
0 39
0 79
0 109
0 37
0 108
0 57
0 77
0 89
0 47
0 27
0 67
0 87
0 29
1 125 78
1 126 88
1 127 17
1 4 106
2 127
END_STATE
END_LABELED_STATE
BEGIN_LABELED_STATE
16
BEGIN_STATE
0 18
0 53
0 72
0 96
0 71
0 43
0 63
0 70
0 42
0 62
0 86
0 106
0 31
0 68
0 28
0 49
0 98
0 99
0 61
0 41
0 50
0 60
0 40
0 59
0 30
0 39
0 79
0 109
0 37
0 108
0 57
0 77
0 89
0 47
0 27
0 67
0 87
0 29
1 125 78
1 126 88
1 127 17
1 4 107
2 127
END_STATE
END_LABELED_STATE
BEGIN_LABELED_STATE
15
BEGIN_STATE
0 18
0 53
0 72
0 96
0 71
0 43
0 63
0 70
0 42
0 62
0 86
0 106
0 107
0 31
0 68
0 28
0 49
0 98
0 99
0 61
0 41
0 50
0 60
0 40
0 59
0 30
0 39
0 79
0 109
0 37
0 57
0 77
0 89
0 47
0 27
0 67
0 87
0 29
1 125 78
1 126 88
1 127 17
1 4 108
2 127
END_STATE
END_LABELED_STATE
BEGIN_LABELED_STATE
14
BEGIN_STATE
0 18
0 53
0 72
0 96
0 71
0 43
0 63
0 70
0 42
0 62
0 86
0 106
0 107
0 31
0 68
0 28
0 49
0 99
0 61
0 41
0 50
0 60
0 40
0 59
0 30
0 39
0 79
0 109
0 37
0 108
0 57
0 77
0 89
0 47
0 27
0 67
0 87
0 29
1 125 78
1 126 88
1 127 17
1 4 98
2 127
END_STATE
END_LABELED_STATE
BEGIN_LABELED_STATE
13
BEGIN_STATE
0 18
0 53
0 72
0 96
0 71
0 43
0 63
0 70
0 42
0 62
0 86
0 106
0 107
0 31
0 68
0 28
0 49
0 98
0 61
0 41
0 50
0 60
0 40
0 59
0 30
0 39
0 79
0 109
0 37
0 108
0 57
0 77
0 89
0 47
0 27
0 67
0 87
0 29
1 125 78
1 126 88
1 127 17
1 4 99
2 127
END_STATE
END_LABELED_STATE
BEGIN_LABELED_STATE
12
BEGIN_STATE
0 18
0 53
0 72
0 96
0 71
0 43
0 63
0 70
0 42
0 62
0 86
0 106
0 107
0 31
0 68
0 28
0 49
0 98
0 99
0 61
0 41
0 50
0 60
0 40
0 59
0 30
0 39
0 79
0 109
0 37
0 108
0 57
0 77
0 47
0 27
0 67
0 87
0 29
1 125 78
1 126 88
1 127 17
1 4 89
2 127
END_STATE
END_LABELED_STATE
BEGIN_LABELED_STATE
11
BEGIN_STATE
0 18
0 53
0 72
0 96
0 71
0 43
0 63
0 70
0 42
0 62
0 86
0 106
0 107
0 31
0 68
0 28
0 49
0 98
0 99
0 61
0 41
0 50
0 60
0 40
0 59
0 30
0 39
0 109
0 37
0 108
0 57
0 77
0 89
0 47
0 27
0 67
0 87
0 29
1 125 78
1 126 88
1 127 17
1 4 79
2 127
END_STATE
END_LABELED_STATE
BEGIN_LABELED_STATE
10
BEGIN_STATE
0 18
0 53
0 72
0 96
0 71
0 43
0 63
0 70
0 42
0 62
0 86
0 106
0 107
0 31
0 68
0 28
0 49
0 98
0 99
0 61
0 41
0 50
0 60
0 40
0 59
0 30
0 39
0 79
0 109
0 37
0 108
0 57
0 89
0 47
0 27
0 67
0 87
0 29
1 125 77
1 126 88
1 127 17
1 4 78
2 127
END_STATE
END_LABELED_STATE
BEGIN_LABELED_STATE
9
BEGIN_STATE
0 18
0 53
0 72
0 96
0 71
0 43
0 63
0 70
0 42
0 62
0 86
0 106
0 107
0 31
0 68
0 28
0 49
0 78
0 99
0 61
0 41
0 50
0 60
0 40
0 59
0 30
0 39
0 79
0 109
0 37
0 108
0 57
0 89
0 47
0 27
0 67
0 87
0 29
1 125 77
1 126 98
1 127 17
1 4 88
2 127
END_STATE
END_LABELED_STATE
BEGIN_LABELED_STATE
8
BEGIN_STATE
0 18
0 53
0 72
0 96
0 71
0 43
0 63
0 70
0 42
0 62
0 86
0 106
0 107
0 31
0 68
0 28
0 49
0 78
0 99
0 61
0 41
0 50
0 60
0 40
0 59
0 30
0 39
0 79
0 109
0 37
0 57
0 89
0 47
0 27
0 67
0 87
0 29
0 88
1 125 77
1 126 108
1 127 17
1 4 98
2 127
END_STATE
END_LABELED_STATE
BEGIN_LABELED_STATE
7
BEGIN_STATE
0 18
0 53
0 72
0 96
0 71
0 43
0 63
0 70
0 42
0 62
0 86
0 106
0 107
0 31
0 68
0 28
0 49
0 98
0 78
0 61
0 41
0 50
0 60
0 40
0 59
0 30
0 39
0 79
0 109
0 37
0 57
0 89
0 47
0 27
0 67
0 87
0 29
0 88
1 125 77
1 126 108
1 127 17
1 4 99
2 127
END_STATE
END_LABELED_STATE
BEGIN_LABELED_STATE
6
BEGIN_STATE
0 18
0 53
0 72
0 96
0 71
0 43
0 63
0 70
0 42
0 62
0 86
0 106
0 107
0 31
0 68
0 28
0 49
0 98
0 78
0 99
0 61
0 41
0 50
0 60
0 40
0 59
0 30
0 39
0 79
0 37
0 57
0 89
0 47
0 27
0 67
0 87
0 29
0 88
1 125 77
1 126 108
1 127 17
1 4 109
2 127
END_STATE
END_LABELED_STATE
BEGIN_LABELED_STATE
5
BEGIN_STATE
0 18
0 53
0 72
0 96
0 71
0 43
0 63
0 70
0 42
0 62
0 86
0 106
0 31
0 68
0 28
0 49
0 98
0 78
0 99
0 61
0 41
0 50
0 60
0 40
0 59
0 30
0 39
0 79
0 109
0 37
0 57
0 89
0 47
0 27
0 67
0 87
0 29
0 88
1 125 77
1 126 107
1 127 17
1 4 108
2 127
2 126
END_STATE
END_LABELED_STATE
BEGIN_LABELED_STATE
4
BEGIN_STATE
0 18
0 53
0 72
0 96
0 71
0 43
0 63
0 70
0 42
0 62
0 86
0 106
0 31
0 68
0 28
0 49
0 78
0 99
0 61
0 41
0 50
0 60
0 40
0 59
0 30
0 39
0 79
0 109
0 37
0 108
0 57
0 89
0 47
0 27
0 67
0 87
0 29
0 88
1 125 77
1 126 107
1 127 17
1 4 98
2 127
2 126
END_STATE
END_LABELED_STATE
BEGIN_LABELED_STATE
3
BEGIN_STATE
0 18
0 53
0 72
0 96
0 71
0 43
0 63
0 70
0 42
0 62
0 86
0 106
0 31
0 68
0 28
0 49
0 98
0 78
0 99
0 61
0 41
0 50
0 60
0 40
0 59
0 30
0 39
0 79
0 109
0 37
0 108
0 57
0 89
0 47
0 27
0 67
0 87
0 29
1 125 77
1 126 107
1 127 17
1 4 88
2 127
2 126
END_STATE
END_LABELED_STATE
BEGIN_LABELED_STATE
2
BEGIN_STATE
0 18
0 53
0 72
0 96
0 71
0 43
0 63
0 70
0 42
0 62
0 86
0 106
0 31
0 68
0 28
0 49
0 98
0 78
0 99
0 61
0 41
0 50
0 60
0 40
0 59
0 30
0 39
0 79
0 109
0 37
0 108
0 57
0 89
0 47
0 27
0 67
0 29
0 88
1 125 77
1 126 107
1 127 17
1 4 87
2 127
2 126
END_STATE
END_LABELED_STATE
BEGIN_LABELED_STATE
1
BEGIN_STATE
0 18
0 53
0 72
0 96
0 71
0 43
0 63
0 70
0 42
0 62
0 86
0 106
0 31
0 68
0 28
0 49
0 98
0 78
0 99
0 61
0 41
0 50
0 60
0 40
0 59
0 30
0 39
0 79
0 109
0 37
0 108
0 57
0 89
0 47
0 27
0 87
0 29
0 88
1 125 67
1 126 107
1 127 17
1 4 77
2 127
2 126
END_STATE
END_LABELED_STATE
BEGIN_LABELED_STATE
0
BEGIN_STATE
0 18
0 53
0 72
0 96
0 71
0 43
0 63
0 70
0 42
0 62
0 86
0 106
0 31
0 68
0 28
0 49
0 98
0 78
0 99
0 61
0 41
0 50
0 60
0 40
0 59
0 30
0 39
0 79
0 109
0 37
0 108
0 77
0 89
0 47
0 27
0 87
0 29
0 88
1 125 57
1 126 107
1 127 17
1 4 67
2 127
2 126
2 125
END_STATE
END_LABELED_STATE
END_STATE_LIST
