BEGIN_TYPES
0 -1 object
1 0 thing
2 0 location
3 0 direction
4 1 player
5 1 stone
END_TYPES
BEGIN_OBJECTS
0 3 dir-down
1 3 dir-left
2 3 dir-right
3 3 dir-up
4 4 player-01
5 2 pos-01-01
6 2 pos-01-02
7 2 pos-01-03
8 2 pos-01-04
9 2 pos-01-05
10 2 pos-01-06
11 2 pos-01-07
12 2 pos-01-08
13 2 pos-01-09
14 2 pos-01-10
15 2 pos-01-11
16 2 pos-02-01
17 2 pos-02-02
18 2 pos-02-03
19 2 pos-02-04
20 2 pos-02-05
21 2 pos-02-06
22 2 pos-02-07
23 2 pos-02-08
24 2 pos-02-09
25 2 pos-02-10
26 2 pos-02-11
27 2 pos-03-01
28 2 pos-03-02
29 2 pos-03-03
30 2 pos-03-04
31 2 pos-03-05
32 2 pos-03-06
33 2 pos-03-07
34 2 pos-03-08
35 2 pos-03-09
36 2 pos-03-10
37 2 pos-03-11
38 2 pos-04-01
39 2 pos-04-02
40 2 pos-04-03
41 2 pos-04-04
42 2 pos-04-05
43 2 pos-04-06
44 2 pos-04-07
45 2 pos-04-08
46 2 pos-04-09
47 2 pos-04-10
48 2 pos-04-11
49 2 pos-05-01
50 2 pos-05-02
51 2 pos-05-03
52 2 pos-05-04
53 2 pos-05-05
54 2 pos-05-06
55 2 pos-05-07
56 2 pos-05-08
57 2 pos-05-09
58 2 pos-05-10
59 2 pos-05-11
60 2 pos-06-01
61 2 pos-06-02
62 2 pos-06-03
63 2 pos-06-04
64 2 pos-06-05
65 2 pos-06-06
66 2 pos-06-07
67 2 pos-06-08
68 2 pos-06-09
69 2 pos-06-10
70 2 pos-06-11
71 2 pos-07-01
72 2 pos-07-02
73 2 pos-07-03
74 2 pos-07-04
75 2 pos-07-05
76 2 pos-07-06
77 2 pos-07-07
78 2 pos-07-08
79 2 pos-07-09
80 2 pos-07-10
81 2 pos-07-11
82 2 pos-08-01
83 2 pos-08-02
84 2 pos-08-03
85 2 pos-08-04
86 2 pos-08-05
87 2 pos-08-06
88 2 pos-08-07
89 2 pos-08-08
90 2 pos-08-09
91 2 pos-08-10
92 2 pos-08-11
93 2 pos-09-01
94 2 pos-09-02
95 2 pos-09-03
96 2 pos-09-04
97 2 pos-09-05
98 2 pos-09-06
99 2 pos-09-07
100 2 pos-09-08
101 2 pos-09-09
102 2 pos-09-10
103 2 pos-09-11
104 2 pos-10-01
105 2 pos-10-02
106 2 pos-10-03
107 2 pos-10-04
108 2 pos-10-05
109 2 pos-10-06
110 2 pos-10-07
111 2 pos-10-08
112 2 pos-10-09
113 2 pos-10-10
114 2 pos-10-11
115 2 pos-11-01
116 2 pos-11-02
117 2 pos-11-03
118 2 pos-11-04
119 2 pos-11-05
120 2 pos-11-06
121 2 pos-11-07
122 2 pos-11-08
123 2 pos-11-09
124 2 pos-11-10
125 2 pos-11-11
126 5 stone-01
127 5 stone-02
128 5 stone-03
END_OBJECTS
BEGIN_PREDICATES
0 2 clear
1 1 2 at
2 5 at-goal
3 2 is-goal
4 2 is-nongoal
5 2 2 3 move-dir
END_PREDICATES
BEGIN_GOAL
2 126
2 127
2 128
END_GOAL
BEGIN_ACTIONS
END_ACTIONS
BEGIN_STATIC_FACTS
5 124 123 3
5 117 106 1
4 80
4 113
4 77
0 15
4 105
5 105 94 1
4 120
5 87 98 2
5 87 88 0
4 9
4 5
4 78
5 101 90 1
5 106 117 2
4 50
4 46
5 20 31 2
5 23 24 0
4 43
4 16
4 87
5 105 104 3
5 25 36 2
5 31 32 0
5 106 105 3
0 116
5 21 20 3
5 100 101 0
5 105 116 2
4 79
4 104
4 41
5 67 66 3
5 95 94 3
4 106
4 49
4 58
4 31
4 7
5 80 79 3
4 111
5 114 103 1
5 5 6 0
5 36 35 3
5 69 80 2
5 98 109 2
0 124
4 92
5 14 13 3
5 99 110 2
4 91
4 108
4 76
5 88 99 2
0 96
5 101 100 3
5 21 32 2
4 27
4 11
5 58 69 2
5 13 14 0
4 118
5 61 50 1
0 26
5 106 107 0
4 56
5 105 106 0
4 30
4 22
5 103 114 2
4 69
5 73 72 3
4 51
5 65 66 0
5 18 17 3
5 76 87 2
0 117
5 25 26 0
4 6
5 63 64 0
5 58 57 3
5 32 21 1
4 39
5 88 87 3
4 54
5 61 72 2
5 62 63 0
5 31 20 1
5 31 42 2
5 90 79 1
4 71
5 65 76 2
5 34 23 1
5 72 61 1
4 90
5 104 93 1
4 84
5 54 43 1
4 37
4 94
0 95
4 25
0 93
5 76 65 1
5 118 117 3
5 67 68 0
4 32
4 110
4 121
4 109
0 23
5 37 36 3
5 109 110 0
5 24 35 2
5 14 25 2
4 125
5 123 124 0
4 19
5 68 67 3
3 66
4 13
5 96 107 2
0 17
5 16 17 0
4 59
0 34
4 61
0 36
0 14
4 119
4 85
5 63 62 3
5 79 68 1
5 124 125 0
4 123
5 109 98 1
5 50 61 2
5 15 26 2
4 103
5 74 73 3
5 43 54 2
4 48
4 67
5 116 115 3
5 93 94 0
4 88
4 89
0 12
5 40 39 3
4 35
4 75
5 74 63 1
0 107
4 73
5 32 43 2
5 68 57 1
5 51 62 2
4 40
5 73 74 0
5 50 39 1
5 90 101 2
5 42 31 1
5 35 24 1
5 98 87 1
4 15
5 43 42 3
5 25 24 3
5 39 50 2
5 39 40 0
0 18
5 24 25 0
4 98
5 80 69 1
4 102
3 101
3 64
5 115 116 0
5 63 74 2
5 23 34 2
5 57 58 0
5 93 104 2
5 15 14 3
5 43 32 1
0 24
0 115
5 72 73 0
5 54 65 2
4 10
5 62 61 3
5 116 117 0
4 116
5 24 13 1
4 97
0 105
5 35 36 0
5 73 62 1
4 33
0 5
5 25 14 1
5 42 43 0
5 64 63 3
4 124
5 40 51 2
4 53
4 55
5 114 125 2
0 16
4 96
4 29
4 74
5 64 65 0
4 100
5 116 105 1
4 65
4 82
0 104
5 125 124 3
5 99 98 3
4 26
0 106
5 6 7 0
5 51 50 3
5 26 25 3
4 114
4 72
5 14 15 0
5 35 34 3
0 7
5 107 106 3
5 7 18 2
5 18 7 1
5 117 118 0
4 117
4 122
5 96 95 3
5 118 107 1
5 98 99 0
5 24 23 3
5 68 69 0
5 94 93 3
5 7 6 3
4 99
0 118
5 79 80 0
4 70
5 17 18 0
5 100 99 3
5 94 105 2
5 87 76 1
5 104 105 0
0 6
4 95
4 93
5 36 37 0
5 110 109 3
5 99 100 0
5 17 16 3
4 47
5 13 12 3
4 23
5 6 5 3
5 95 96 0
5 57 68 2
5 5 16 2
4 63
5 62 73 2
4 42
5 50 51 0
4 62
5 26 37 2
5 107 96 1
4 81
4 17
5 68 79 2
4 34
4 36
4 14
5 99 88 1
5 17 6 1
5 79 90 2
0 37
5 37 26 1
0 94
0 25
5 36 25 1
5 104 115 2
5 125 114 1
4 68
4 28
5 69 68 3
5 61 62 0
5 117 116 3
5 66 65 3
5 66 67 0
0 114
5 94 95 0
4 52
4 12
0 125
5 110 99 1
4 45
5 16 5 1
4 112
0 13
4 107
4 57
4 86
4 44
5 12 13 0
4 38
0 123
5 107 118 2
5 20 21 0
4 18
5 106 95 1
0 103
5 69 58 1
4 8
4 83
5 26 15 1
4 60
5 32 31 3
4 20
5 115 104 1
5 34 35 0
5 65 54 1
4 21
0 35
4 24
4 115
5 62 51 1
5 6 17 2
5 95 106 2
5 13 24 2
5 65 64 3
5 12 23 2
5 23 12 1
5 51 40 1
END_STATIC_FACTS
BEGIN_STATE_LIST
BEGIN_LABELED_STATE
92
BEGIN_STATE
0 42
0 20
0 88
0 110
0 100
0 31
0 99
0 21
0 109
0 101
0 39
0 40
0 57
0 58
0 80
0 74
0 32
0 98
0 69
0 50
0 51
0 73
0 72
0 79
0 67
0 43
0 87
0 61
0 66
0 68
0 64
0 62
0 63
1 126 54
1 127 76
1 128 90
1 4 65
END_STATE
END_LABELED_STATE
BEGIN_LABELED_STATE
91
BEGIN_STATE
0 42
0 20
0 88
0 110
0 100
0 31
0 99
0 21
0 109
0 101
0 39
0 40
0 57
0 58
0 80
0 74
0 32
0 98
0 69
0 50
0 51
0 73
0 72
0 79
0 67
0 43
0 61
0 66
0 68
0 64
0 62
0 63
1 126 54
0 65
1 127 87
1 128 90
1 4 76
END_STATE
END_LABELED_STATE
BEGIN_LABELED_STATE
90
BEGIN_STATE
0 42
0 20
0 88
0 110
0 100
0 31
0 99
0 21
0 109
0 101
0 39
0 40
0 57
0 58
0 80
0 74
0 32
0 69
0 50
0 51
0 73
0 72
0 79
0 76
0 67
0 43
0 61
0 66
0 68
0 64
0 62
0 63
1 126 54
0 65
1 127 98
1 128 90
1 4 87
END_STATE
END_LABELED_STATE
BEGIN_LABELED_STATE
89
BEGIN_STATE
0 42
0 20
0 110
0 100
0 31
0 99
0 21
0 109
0 101
0 39
0 40
0 57
0 58
0 80
0 74
0 32
0 69
0 50
0 51
0 73
0 72
0 79
0 76
0 67
0 43
0 87
0 61
0 66
0 68
0 64
0 62
0 63
1 126 54
0 65
1 127 98
1 128 90
1 4 88
END_STATE
END_LABELED_STATE
BEGIN_LABELED_STATE
88
BEGIN_STATE
0 42
0 20
0 88
0 110
0 100
0 31
0 21
0 109
0 101
0 39
0 40
0 57
0 58
0 80
0 74
0 32
0 69
0 50
0 51
0 73
0 72
0 79
0 76
0 67
0 43
0 87
0 61
0 66
0 68
0 64
0 62
0 63
1 126 54
0 65
1 127 98
1 128 90
1 4 99
END_STATE
END_LABELED_STATE
BEGIN_LABELED_STATE
87
BEGIN_STATE
0 42
0 20
0 88
0 100
0 31
0 99
0 21
0 109
0 101
0 39
0 40
0 57
0 58
0 80
0 74
0 32
0 69
0 50
0 51
0 73
0 72
0 79
0 76
0 67
0 43
0 87
0 61
0 66
0 68
0 64
0 62
0 63
1 126 54
0 65
1 127 98
1 128 90
1 4 110
END_STATE
END_LABELED_STATE
BEGIN_LABELED_STATE
86
BEGIN_STATE
0 42
0 20
0 88
0 110
0 100
0 31
0 99
0 21
0 101
0 39
0 40
0 57
0 58
0 80
0 74
0 32
0 69
0 50
0 51
0 73
0 72
0 79
0 76
0 67
0 43
0 87
0 61
0 66
0 68
0 64
0 62
0 63
1 126 54
0 65
1 127 98
1 128 90
1 4 109
END_STATE
END_LABELED_STATE
BEGIN_LABELED_STATE
85
BEGIN_STATE
0 42
0 20
0 88
0 110
0 100
0 31
0 99
0 21
0 109
0 101
0 39
0 40
0 57
0 58
0 80
0 74
0 32
0 69
0 50
0 51
0 73
0 72
0 79
0 76
0 67
0 43
0 61
0 66
0 68
0 64
0 62
0 63
1 126 54
0 65
1 127 87
1 128 90
1 4 98
END_STATE
END_LABELED_STATE
BEGIN_LABELED_STATE
84
BEGIN_STATE
0 42
0 20
0 88
0 110
0 100
0 31
0 99
0 21
0 109
0 101
0 39
0 40
0 57
0 58
0 80
0 74
0 32
0 98
0 69
0 50
0 51
0 73
0 72
0 79
0 67
0 43
0 61
0 66
0 68
0 64
0 62
0 63
1 126 54
0 65
1 127 76
1 128 90
1 4 87
END_STATE
END_LABELED_STATE
BEGIN_LABELED_STATE
83
BEGIN_STATE
0 42
0 20
0 88
0 110
0 100
0 31
0 99
0 21
0 109
0 101
0 39
0 40
0 57
0 58
0 80
0 74
0 32
0 98
0 69
0 50
0 51
0 73
0 72
0 79
0 67
0 43
0 87
0 61
0 66
0 68
0 64
0 62
0 63
1 126 54
1 127 65
1 128 90
1 4 76
END_STATE
END_LABELED_STATE
BEGIN_LABELED_STATE
82
BEGIN_STATE
0 42
0 20
0 88
0 110
0 100
0 31
0 99
0 21
0 109
0 101
0 39
0 40
0 57
0 58
0 80
0 74
0 32
0 98
0 69
0 50
0 51
0 73
0 72
0 79
0 76
0 67
0 43
0 61
0 66
0 68
0 64
0 62
0 63
1 126 54
1 127 65
1 128 90
1 4 87
END_STATE
END_LABELED_STATE
BEGIN_LABELED_STATE
81
BEGIN_STATE
0 42
0 20
0 110
0 100
0 31
0 99
0 21
0 109
0 101
0 39
0 40
0 57
0 58
0 80
0 74
0 32
0 98
0 69
0 50
0 51
0 73
0 72
0 79
0 76
0 67
0 43
0 87
0 61
0 66
0 68
0 64
0 62
0 63
1 126 54
1 127 65
1 128 90
1 4 88
END_STATE
END_LABELED_STATE
BEGIN_LABELED_STATE
80
BEGIN_STATE
0 42
0 20
0 88
0 110
0 100
0 31
0 21
0 109
0 101
0 39
0 40
0 57
0 58
0 80
0 74
0 32
0 98
0 69
0 50
0 51
0 73
0 72
0 79
0 76
0 67
0 43
0 87
0 61
0 66
0 68
0 64
0 62
0 63
1 126 54
1 127 65
1 128 90
1 4 99
END_STATE
END_LABELED_STATE
BEGIN_LABELED_STATE
79
BEGIN_STATE
0 42
0 20
0 88
0 110
0 31
0 99
0 21
0 109
0 101
0 39
0 40
0 57
0 58
0 80
0 74
0 32
0 98
0 69
0 50
0 51
0 73
0 72
0 79
0 76
0 67
0 43
0 87
0 61
0 66
0 68
0 64
0 62
0 63
1 126 54
1 127 65
1 128 90
1 4 100
END_STATE
END_LABELED_STATE
BEGIN_LABELED_STATE
78
BEGIN_STATE
0 42
0 20
0 88
0 110
0 100
0 31
0 99
0 21
0 109
0 39
0 40
0 57
0 58
0 80
0 74
0 32
0 98
0 69
0 50
0 51
0 73
0 72
0 79
0 76
0 67
0 43
0 87
0 61
0 66
0 68
0 64
0 62
0 63
1 126 54
1 127 65
1 128 90
1 4 101
END_STATE
END_LABELED_STATE
BEGIN_LABELED_STATE
77
BEGIN_STATE
0 42
0 20
0 88
0 110
0 100
0 31
0 99
0 21
0 109
0 101
0 39
0 40
0 57
0 58
0 80
0 74
0 32
0 98
0 69
0 50
0 51
0 73
0 72
0 76
0 67
0 43
0 87
0 61
0 66
0 68
0 64
0 62
0 63
1 126 54
1 127 65
1 128 79
1 4 90
END_STATE
END_LABELED_STATE
BEGIN_LABELED_STATE
76
BEGIN_STATE
0 42
0 20
0 88
0 110
0 100
0 31
0 99
0 21
0 109
0 101
0 90
0 39
0 40
0 57
0 58
0 80
0 74
0 32
0 98
0 69
0 50
0 51
0 73
0 72
0 76
0 67
0 43
0 87
0 61
0 66
0 64
0 62
0 63
1 126 54
1 127 65
1 128 68
1 4 79
END_STATE
END_LABELED_STATE
BEGIN_LABELED_STATE
75
BEGIN_STATE
0 42
0 20
0 88
0 110
0 100
0 31
0 99
0 21
0 109
0 101
0 90
0 39
0 40
0 57
0 58
0 74
0 32
0 98
0 69
0 50
0 51
0 73
0 72
0 79
0 76
0 67
0 43
0 87
0 61
0 66
0 64
0 62
0 63
1 126 54
1 127 65
1 128 68
1 4 80
END_STATE
END_LABELED_STATE
BEGIN_LABELED_STATE
74
BEGIN_STATE
0 42
0 20
0 88
0 110
0 100
0 31
0 99
0 21
0 109
0 101
0 90
0 39
0 40
0 57
0 58
0 80
0 74
0 32
0 98
0 50
0 51
0 73
0 72
0 79
0 76
0 67
0 43
0 87
0 61
0 66
0 64
0 62
0 63
1 126 54
1 127 65
1 128 68
1 4 69
END_STATE
END_LABELED_STATE
BEGIN_LABELED_STATE
73
BEGIN_STATE
0 42
0 20
0 88
0 110
0 100
0 31
0 99
0 21
0 109
0 101
0 90
0 39
0 40
0 57
0 80
0 74
0 32
0 98
0 69
0 50
0 51
0 73
0 72
0 79
0 76
0 67
0 43
0 87
0 61
0 66
0 64
0 62
0 63
1 126 54
1 127 65
1 128 68
1 4 58
END_STATE
END_LABELED_STATE
BEGIN_LABELED_STATE
72
BEGIN_STATE
0 42
0 20
0 88
0 110
0 100
0 31
0 99
0 21
0 109
0 101
0 90
0 39
0 40
0 58
0 80
0 74
0 32
0 98
0 69
0 50
0 51
0 73
0 72
0 79
0 76
0 67
0 43
0 87
0 61
0 66
0 64
0 62
0 63
1 126 54
1 127 65
1 128 68
1 4 57
END_STATE
END_LABELED_STATE
BEGIN_LABELED_STATE
71
BEGIN_STATE
0 42
0 20
0 88
0 110
0 100
0 31
0 99
0 21
0 109
0 101
0 90
0 39
0 40
0 57
0 58
0 80
0 74
0 32
0 98
0 69
0 50
0 51
0 73
0 72
0 76
0 67
0 43
0 87
0 61
0 66
0 64
0 62
0 63
1 126 54
1 127 65
1 128 79
1 4 68
END_STATE
END_LABELED_STATE
BEGIN_LABELED_STATE
70
BEGIN_STATE
0 42
0 20
0 88
0 110
0 100
0 31
0 99
0 21
0 109
0 101
0 90
0 39
0 40
0 57
0 58
0 80
0 74
0 32
0 98
0 69
0 50
0 51
0 73
0 72
0 76
0 43
0 87
0 61
0 66
0 68
0 64
0 62
0 63
1 126 54
1 127 65
1 128 79
1 4 67
END_STATE
END_LABELED_STATE
BEGIN_LABELED_STATE
69
BEGIN_STATE
0 42
0 20
0 88
0 110
0 100
0 31
0 99
0 21
0 109
0 101
0 90
0 39
0 40
0 57
0 58
0 80
0 74
0 32
0 98
0 69
0 50
0 51
0 73
0 72
0 76
0 67
0 43
0 87
0 61
0 68
0 64
0 62
0 63
1 126 54
1 127 65
1 128 79
1 4 66
END_STATE
END_LABELED_STATE
BEGIN_LABELED_STATE
68
BEGIN_STATE
0 42
0 20
0 88
0 110
0 100
0 31
0 99
0 21
0 109
0 101
0 90
0 39
0 40
0 57
0 58
0 80
0 74
0 32
0 98
0 69
0 50
0 51
0 73
0 72
0 76
0 67
0 43
0 87
0 61
0 66
0 68
0 62
0 63
1 126 54
1 127 64
1 128 79
1 4 65
2 127
END_STATE
END_LABELED_STATE
BEGIN_LABELED_STATE
67
BEGIN_STATE
0 42
0 20
0 88
0 110
0 100
0 31
0 99
0 21
0 109
0 101
0 90
0 39
0 40
0 57
0 58
0 80
0 74
0 32
0 98
0 69
0 50
0 51
0 73
0 72
0 76
0 67
0 43
0 87
0 61
0 66
0 68
0 62
1 126 54
0 65
1 127 63
1 128 79
1 4 64
END_STATE
END_LABELED_STATE
BEGIN_LABELED_STATE
66
BEGIN_STATE
0 42
0 20
0 88
0 110
0 100
0 31
0 99
0 21
0 109
0 101
0 90
0 39
0 40
0 57
0 58
0 80
0 74
0 32
0 98
0 69
0 50
0 51
0 73
0 72
0 76
0 67
0 43
0 87
0 61
0 66
0 68
0 64
1 126 54
0 65
1 127 62
1 128 79
1 4 63
END_STATE
END_LABELED_STATE
BEGIN_LABELED_STATE
65
BEGIN_STATE
0 42
0 20
0 88
0 110
0 100
0 31
0 99
0 21
0 109
0 101
0 90
0 39
0 40
0 57
0 58
0 80
0 32
0 98
0 69
0 50
0 51
0 73
0 72
0 76
0 67
0 43
0 87
0 61
0 66
0 68
0 64
0 63
1 126 54
0 65
1 127 62
1 128 79
1 4 74
END_STATE
END_LABELED_STATE
BEGIN_LABELED_STATE
64
BEGIN_STATE
0 42
0 20
0 88
0 110
0 100
0 31
0 99
0 21
0 109
0 101
0 90
0 39
0 40
0 57
0 58
0 80
0 74
0 32
0 98
0 69
0 50
0 51
0 72
0 76
0 67
0 43
0 87
0 61
0 66
0 68
0 64
0 63
1 126 54
0 65
1 127 62
1 128 79
1 4 73
END_STATE
END_LABELED_STATE
BEGIN_LABELED_STATE
63
BEGIN_STATE
0 42
0 20
0 88
0 110
0 100
0 31
0 99
0 21
0 109
0 101
0 90
0 39
0 40
0 57
0 58
0 80
0 74
0 32
0 98
0 69
0 50
0 73
0 72
0 76
0 67
0 43
0 87
0 61
0 66
0 68
0 64
0 63
1 126 54
0 65
1 127 51
1 128 79
1 4 62
END_STATE
END_LABELED_STATE
BEGIN_LABELED_STATE
62
BEGIN_STATE
0 42
0 20
0 88
0 110
0 100
0 31
0 99
0 21
0 109
0 101
0 90
0 39
0 40
0 57
0 58
0 80
0 74
0 32
0 98
0 69
0 50
0 73
0 72
0 76
0 67
0 43
0 87
0 61
0 66
0 68
0 64
0 62
1 126 54
0 65
1 127 51
1 128 79
1 4 63
END_STATE
END_LABELED_STATE
BEGIN_LABELED_STATE
61
BEGIN_STATE
0 42
0 20
0 88
0 110
0 100
0 31
0 99
0 21
0 109
0 101
0 90
0 39
0 40
0 57
0 58
0 80
0 74
0 32
0 98
0 69
0 50
0 73
0 72
0 76
0 67
0 43
0 87
0 61
0 66
0 68
0 62
0 63
1 126 54
0 65
1 127 51
1 128 79
1 4 64
END_STATE
END_LABELED_STATE
BEGIN_LABELED_STATE
60
BEGIN_STATE
0 42
0 20
0 88
0 110
0 100
0 31
0 99
0 21
0 109
0 101
0 90
0 39
0 40
0 57
0 58
0 80
0 74
0 32
0 98
0 69
0 50
0 73
0 72
0 76
0 67
0 43
0 87
0 61
0 66
0 68
0 64
0 62
0 63
1 126 54
1 127 51
1 128 79
1 4 65
END_STATE
END_LABELED_STATE
BEGIN_LABELED_STATE
59
BEGIN_STATE
0 42
0 20
0 88
0 110
0 100
0 31
0 99
0 21
0 109
0 101
0 90
0 39
0 40
0 57
0 58
0 80
0 74
0 32
0 98
0 69
0 50
0 73
0 72
0 76
0 67
0 87
0 61
0 66
0 68
0 64
0 62
0 63
1 126 43
0 65
1 127 51
1 128 79
1 4 54
END_STATE
END_LABELED_STATE
BEGIN_LABELED_STATE
58
BEGIN_STATE
0 42
0 20
0 88
0 110
0 100
0 31
0 99
0 21
0 109
0 101
0 90
0 39
0 40
0 57
0 58
0 80
0 74
0 98
0 69
0 50
0 73
0 72
0 54
0 76
0 67
0 87
0 61
0 66
0 68
0 64
0 62
0 63
1 126 32
0 65
1 127 51
1 128 79
1 4 43
END_STATE
END_LABELED_STATE
BEGIN_LABELED_STATE
57
BEGIN_STATE
0 20
0 88
0 110
0 100
0 31
0 99
0 21
0 109
0 101
0 90
0 39
0 40
0 57
0 58
0 80
0 74
0 98
0 69
0 50
0 73
0 72
0 54
0 76
0 67
0 43
0 87
0 61
0 66
0 68
0 64
0 62
0 63
1 126 32
0 65
1 127 51
1 128 79
1 4 42
END_STATE
END_LABELED_STATE
BEGIN_LABELED_STATE
56
BEGIN_STATE
0 42
0 20
0 88
0 110
0 100
0 99
0 21
0 109
0 101
0 90
0 39
0 40
0 57
0 58
0 80
0 74
0 98
0 69
0 50
0 73
0 72
0 54
0 76
0 67
0 43
0 87
0 61
0 66
0 68
0 64
0 62
0 63
1 126 32
0 65
1 127 51
1 128 79
1 4 31
END_STATE
END_LABELED_STATE
BEGIN_LABELED_STATE
55
BEGIN_STATE
0 42
0 88
0 110
0 100
0 31
0 99
0 21
0 109
0 101
0 90
0 39
0 40
0 57
0 58
0 80
0 74
0 98
0 69
0 50
0 73
0 72
0 54
0 76
0 67
0 43
0 87
0 61
0 66
0 68
0 64
0 62
0 63
1 126 32
0 65
1 127 51
1 128 79
1 4 20
END_STATE
END_LABELED_STATE
BEGIN_LABELED_STATE
54
BEGIN_STATE
0 42
0 20
0 88
0 110
0 100
0 31
0 99
0 109
0 101
0 90
0 39
0 40
0 57
0 58
0 80
0 74
0 98
0 69
0 50
0 73
0 72
0 54
0 76
0 67
0 43
0 87
0 61
0 66
0 68
0 64
0 62
0 63
1 126 32
0 65
1 127 51
1 128 79
1 4 21
END_STATE
END_LABELED_STATE
BEGIN_LABELED_STATE
53
BEGIN_STATE
0 42
0 20
0 88
0 110
0 100
0 31
0 99
0 21
0 109
0 101
0 90
0 39
0 40
0 57
0 58
0 80
0 74
0 98
0 69
0 50
0 73
0 72
0 54
0 76
0 67
0 87
0 61
0 66
0 68
0 64
0 62
0 63
1 126 43
0 65
1 127 51
1 128 79
1 4 32
END_STATE
END_LABELED_STATE
BEGIN_LABELED_STATE
52
BEGIN_STATE
0 42
0 20
0 88
0 110
0 100
0 31
0 99
0 21
0 109
0 101
0 90
0 39
0 40
0 57
0 58
0 80
0 74
0 32
0 98
0 69
0 50
0 73
0 72
0 76
0 67
0 87
0 61
0 66
0 68
0 64
0 62
0 63
1 126 54
0 65
1 127 51
1 128 79
1 4 43
END_STATE
END_LABELED_STATE
BEGIN_LABELED_STATE
51
BEGIN_STATE
0 42
0 20
0 88
0 110
0 100
0 31
0 99
0 21
0 109
0 101
0 90
0 39
0 40
0 57
0 58
0 80
0 74
0 32
0 98
0 69
0 50
0 73
0 72
0 76
0 67
0 43
0 87
0 61
0 66
0 68
0 64
0 62
0 63
1 126 65
1 127 51
1 128 79
1 4 54
END_STATE
END_LABELED_STATE
BEGIN_LABELED_STATE
50
BEGIN_STATE
0 42
0 20
0 88
0 110
0 100
0 31
0 99
0 21
0 109
0 101
0 90
0 39
0 40
0 57
0 58
0 80
0 74
0 32
0 98
0 69
0 50
0 73
0 72
0 54
0 67
0 43
0 87
0 61
0 66
0 68
0 64
0 62
0 63
1 126 76
1 127 51
1 128 79
1 4 65
END_STATE
END_LABELED_STATE
BEGIN_LABELED_STATE
49
BEGIN_STATE
0 42
0 20
0 88
0 110
0 100
0 31
0 99
0 21
0 109
0 101
0 90
0 39
0 40
0 57
0 58
0 80
0 74
0 32
0 98
0 69
0 50
0 73
0 72
0 54
0 67
0 43
0 61
0 66
0 68
0 64
0 62
0 63
1 126 87
0 65
1 127 51
1 128 79
1 4 76
END_STATE
END_LABELED_STATE
BEGIN_LABELED_STATE
48
BEGIN_STATE
0 42
0 20
0 88
0 110
0 100
0 31
0 99
0 21
0 109
0 101
0 90
0 39
0 40
0 57
0 58
0 80
0 74
0 32
0 69
0 50
0 73
0 72
0 54
0 76
0 67
0 43
0 61
0 66
0 68
0 64
0 62
0 63
1 126 98
0 65
1 127 51
1 128 79
1 4 87
END_STATE
END_LABELED_STATE
BEGIN_LABELED_STATE
47
BEGIN_STATE
0 42
0 20
0 110
0 100
0 31
0 99
0 21
0 109
0 101
0 90
0 39
0 40
0 57
0 58
0 80
0 74
0 32
0 69
0 50
0 73
0 72
0 54
0 76
0 67
0 43
0 87
0 61
0 66
0 68
0 64
0 62
0 63
1 126 98
0 65
1 127 51
1 128 79
1 4 88
END_STATE
END_LABELED_STATE
BEGIN_LABELED_STATE
46
BEGIN_STATE
0 42
0 20
0 88
0 110
0 100
0 31
0 21
0 109
0 101
0 90
0 39
0 40
0 57
0 58
0 80
0 74
0 32
0 69
0 50
0 73
0 72
0 54
0 76
0 67
0 43
0 87
0 61
0 66
0 68
0 64
0 62
0 63
1 126 98
0 65
1 127 51
1 128 79
1 4 99
END_STATE
END_LABELED_STATE
BEGIN_LABELED_STATE
45
BEGIN_STATE
0 42
0 20
0 88
0 100
0 31
0 99
0 21
0 109
0 101
0 90
0 39
0 40
0 57
0 58
0 80
0 74
0 32
0 69
0 50
0 73
0 72
0 54
0 76
0 67
0 43
0 87
0 61
0 66
0 68
0 64
0 62
0 63
1 126 98
0 65
1 127 51
1 128 79
1 4 110
END_STATE
END_LABELED_STATE
BEGIN_LABELED_STATE
44
BEGIN_STATE
0 42
0 20
0 88
0 110
0 100
0 31
0 99
0 21
0 101
0 90
0 39
0 40
0 57
0 58
0 80
0 74
0 32
0 69
0 50
0 73
0 72
0 54
0 76
0 67
0 43
0 87
0 61
0 66
0 68
0 64
0 62
0 63
1 126 98
0 65
1 127 51
1 128 79
1 4 109
END_STATE
END_LABELED_STATE
BEGIN_LABELED_STATE
43
BEGIN_STATE
0 42
0 20
0 88
0 110
0 100
0 31
0 99
0 21
0 109
0 101
0 90
0 39
0 40
0 57
0 58
0 80
0 74
0 32
0 69
0 50
0 73
0 72
0 54
0 76
0 67
0 43
0 61
0 66
0 68
0 64
0 62
0 63
1 126 87
0 65
1 127 51
1 128 79
1 4 98
END_STATE
END_LABELED_STATE
BEGIN_LABELED_STATE
42
BEGIN_STATE
0 42
0 20
0 88
0 110
0 100
0 31
0 99
0 21
0 109
0 101
0 90
0 39
0 40
0 57
0 58
0 80
0 74
0 32
0 98
0 69
0 50
0 73
0 72
0 54
0 67
0 43
0 61
0 66
0 68
0 64
0 62
0 63
1 126 76
0 65
1 127 51
1 128 79
1 4 87
END_STATE
END_LABELED_STATE
BEGIN_LABELED_STATE
41
BEGIN_STATE
0 42
0 20
0 88
0 110
0 100
0 31
0 99
0 21
0 109
0 101
0 90
0 39
0 40
0 57
0 58
0 80
0 74
0 32
0 98
0 69
0 50
0 73
0 72
0 54
0 67
0 43
0 87
0 61
0 66
0 68
0 64
0 62
0 63
1 126 65
1 127 51
1 128 79
1 4 76
END_STATE
END_LABELED_STATE
BEGIN_LABELED_STATE
40
BEGIN_STATE
0 42
0 20
0 88
0 110
0 100
0 31
0 99
0 21
0 109
0 101
0 90
0 39
0 40
0 57
0 58
0 80
0 74
0 32
0 98
0 69
0 50
0 73
0 72
0 54
0 76
0 67
0 43
0 61
0 66
0 68
0 64
0 62
0 63
1 126 65
1 127 51
1 128 79
1 4 87
END_STATE
END_LABELED_STATE
BEGIN_LABELED_STATE
39
BEGIN_STATE
0 42
0 20
0 110
0 100
0 31
0 99
0 21
0 109
0 101
0 90
0 39
0 40
0 57
0 58
0 80
0 74
0 32
0 98
0 69
0 50
0 73
0 72
0 54
0 76
0 67
0 43
0 87
0 61
0 66
0 68
0 64
0 62
0 63
1 126 65
1 127 51
1 128 79
1 4 88
END_STATE
END_LABELED_STATE
BEGIN_LABELED_STATE
38
BEGIN_STATE
0 42
0 20
0 88
0 110
0 100
0 31
0 21
0 109
0 101
0 90
0 39
0 40
0 57
0 58
0 80
0 74
0 32
0 98
0 69
0 50
0 73
0 72
0 54
0 76
0 67
0 43
0 87
0 61
0 66
0 68
0 64
0 62
0 63
1 126 65
1 127 51
1 128 79
1 4 99
END_STATE
END_LABELED_STATE
BEGIN_LABELED_STATE
37
BEGIN_STATE
0 42
0 20
0 88
0 110
0 31
0 99
0 21
0 109
0 101
0 90
0 39
0 40
0 57
0 58
0 80
0 74
0 32
0 98
0 69
0 50
0 73
0 72
0 54
0 76
0 67
0 43
0 87
0 61
0 66
0 68
0 64
0 62
0 63
1 126 65
1 127 51
1 128 79
1 4 100
END_STATE
END_LABELED_STATE
BEGIN_LABELED_STATE
36
BEGIN_STATE
0 42
0 20
0 88
0 110
0 100
0 31
0 99
0 21
0 109
0 90
0 39
0 40
0 57
0 58
0 80
0 74
0 32
0 98
0 69
0 50
0 73
0 72
0 54
0 76
0 67
0 43
0 87
0 61
0 66
0 68
0 64
0 62
0 63
1 126 65
1 127 51
1 128 79
1 4 101
END_STATE
END_LABELED_STATE
BEGIN_LABELED_STATE
35
BEGIN_STATE
0 42
0 20
0 88
0 110
0 100
0 31
0 99
0 21
0 109
0 101
0 39
0 40
0 57
0 58
0 80
0 74
0 32
0 98
0 69
0 50
0 73
0 72
0 54
0 76
0 67
0 43
0 87
0 61
0 66
0 68
0 64
0 62
0 63
1 126 65
1 127 51
1 128 79
1 4 90
END_STATE
END_LABELED_STATE
BEGIN_LABELED_STATE
34
BEGIN_STATE
0 42
0 20
0 88
0 110
0 100
0 31
0 99
0 21
0 109
0 101
0 90
0 39
0 40
0 57
0 58
0 80
0 74
0 32
0 98
0 69
0 50
0 73
0 72
0 54
0 76
0 67
0 43
0 87
0 61
0 66
0 64
0 62
0 63
1 126 65
1 127 51
1 128 68
1 4 79
END_STATE
END_LABELED_STATE
BEGIN_LABELED_STATE
33
BEGIN_STATE
0 42
0 20
0 88
0 110
0 100
0 31
0 99
0 21
0 109
0 101
0 90
0 39
0 40
0 57
0 58
0 74
0 32
0 98
0 69
0 50
0 73
0 72
0 79
0 54
0 76
0 67
0 43
0 87
0 61
0 66
0 64
0 62
0 63
1 126 65
1 127 51
1 128 68
1 4 80
END_STATE
END_LABELED_STATE
BEGIN_LABELED_STATE
32
BEGIN_STATE
0 42
0 20
0 88
0 110
0 100
0 31
0 99
0 21
0 109
0 101
0 90
0 39
0 40
0 57
0 58
0 80
0 74
0 32
0 98
0 50
0 73
0 72
0 79
0 54
0 76
0 67
0 43
0 87
0 61
0 66
0 64
0 62
0 63
1 126 65
1 127 51
1 128 68
1 4 69
END_STATE
END_LABELED_STATE
BEGIN_LABELED_STATE
31
BEGIN_STATE
0 42
0 20
0 88
0 110
0 100
0 31
0 99
0 21
0 109
0 101
0 90
0 39
0 40
0 57
0 80
0 74
0 32
0 98
0 69
0 50
0 73
0 72
0 79
0 54
0 76
0 67
0 43
0 87
0 61
0 66
0 64
0 62
0 63
1 126 65
1 127 51
1 128 68
1 4 58
END_STATE
END_LABELED_STATE
BEGIN_LABELED_STATE
30
BEGIN_STATE
0 42
0 20
0 88
0 110
0 100
0 31
0 99
0 21
0 109
0 101
0 90
0 39
0 40
0 58
0 80
0 74
0 32
0 98
0 69
0 50
0 73
0 72
0 79
0 54
0 76
0 67
0 43
0 87
0 61
0 66
0 64
0 62
0 63
1 126 65
1 127 51
1 128 68
1 4 57
END_STATE
END_LABELED_STATE
BEGIN_LABELED_STATE
29
BEGIN_STATE
0 42
0 20
0 88
0 110
0 100
0 31
0 99
0 21
0 109
0 101
0 90
0 39
0 40
0 57
0 58
0 80
0 74
0 32
0 98
0 69
0 50
0 73
0 72
0 54
0 76
0 67
0 43
0 87
0 61
0 66
0 64
0 62
0 63
1 126 65
1 127 51
1 128 79
1 4 68
END_STATE
END_LABELED_STATE
BEGIN_LABELED_STATE
28
BEGIN_STATE
0 42
0 20
0 88
0 110
0 100
0 31
0 99
0 21
0 109
0 101
0 39
0 40
0 57
0 58
0 80
0 74
0 32
0 98
0 69
0 50
0 73
0 72
0 54
0 76
0 67
0 43
0 87
0 61
0 66
0 68
0 64
0 62
0 63
1 126 65
1 127 51
1 128 90
1 4 79
END_STATE
END_LABELED_STATE
BEGIN_LABELED_STATE
27
BEGIN_STATE
0 42
0 20
0 88
0 110
0 100
0 31
0 99
0 21
0 109
0 39
0 40
0 57
0 58
0 80
0 74
0 32
0 98
0 69
0 50
0 73
0 72
0 79
0 54
0 76
0 67
0 43
0 87
0 61
0 66
0 68
0 64
0 62
0 63
1 126 65
1 127 51
1 128 101
1 4 90
2 128
END_STATE
END_LABELED_STATE
BEGIN_LABELED_STATE
26
BEGIN_STATE
0 42
0 20
0 88
0 110
0 100
0 31
0 99
0 21
0 109
0 90
0 39
0 40
0 57
0 58
0 80
0 74
0 32
0 98
0 69
0 50
0 73
0 72
0 54
0 76
0 67
0 43
0 87
0 61
0 66
0 68
0 64
0 62
0 63
1 126 65
1 127 51
1 128 101
1 4 79
2 128
END_STATE
END_LABELED_STATE
BEGIN_LABELED_STATE
25
BEGIN_STATE
0 42
0 20
0 88
0 110
0 100
0 31
0 99
0 21
0 109
0 90
0 39
0 40
0 57
0 58
0 80
0 74
0 32
0 98
0 69
0 50
0 73
0 72
0 79
0 54
0 76
0 67
0 43
0 87
0 61
0 66
0 64
0 62
0 63
1 126 65
1 127 51
1 128 101
1 4 68
2 128
END_STATE
END_LABELED_STATE
BEGIN_LABELED_STATE
24
BEGIN_STATE
0 42
0 20
0 88
0 110
0 100
0 31
0 99
0 21
0 109
0 90
0 39
0 40
0 57
0 58
0 80
0 74
0 32
0 98
0 69
0 50
0 73
0 72
0 79
0 54
0 76
0 43
0 87
0 61
0 66
0 68
0 64
0 62
0 63
1 126 65
1 127 51
1 128 101
1 4 67
2 128
END_STATE
END_LABELED_STATE
BEGIN_LABELED_STATE
23
BEGIN_STATE
0 42
0 20
0 88
0 110
0 100
0 31
0 99
0 21
0 109
0 90
0 39
0 40
0 57
0 58
0 80
0 74
0 32
0 98
0 69
0 50
0 73
0 72
0 79
0 54
0 76
0 67
0 43
0 87
0 61
0 68
0 64
0 62
0 63
1 126 65
1 127 51
1 128 101
1 4 66
2 128
END_STATE
END_LABELED_STATE
BEGIN_LABELED_STATE
22
BEGIN_STATE
0 42
0 20
0 88
0 110
0 100
0 31
0 99
0 21
0 109
0 90
0 39
0 40
0 57
0 58
0 80
0 74
0 32
0 98
0 69
0 50
0 73
0 72
0 79
0 54
0 76
0 67
0 43
0 87
0 61
0 66
0 68
0 62
0 63
1 126 64
1 127 51
1 128 101
1 4 65
2 128
2 126
END_STATE
END_LABELED_STATE
BEGIN_LABELED_STATE
21
BEGIN_STATE
0 42
0 20
0 88
0 110
0 100
0 31
0 99
0 21
0 109
0 90
0 39
0 40
0 57
0 58
0 80
0 74
0 32
0 98
0 69
0 50
0 73
0 72
0 79
0 54
0 76
0 67
0 43
0 87
0 61
0 66
0 68
0 62
1 126 63
0 65
1 127 51
1 128 101
1 4 64
2 128
END_STATE
END_LABELED_STATE
BEGIN_LABELED_STATE
20
BEGIN_STATE
0 42
0 20
0 88
0 110
0 100
0 31
0 99
0 21
0 109
0 90
0 39
0 40
0 57
0 58
0 80
0 74
0 32
0 98
0 69
0 50
0 73
0 72
0 79
0 54
0 76
0 67
0 43
0 87
0 61
0 66
0 68
0 64
1 126 62
0 65
1 127 51
1 128 101
1 4 63
2 128
END_STATE
END_LABELED_STATE
BEGIN_LABELED_STATE
19
BEGIN_STATE
0 42
0 20
0 88
0 110
0 100
0 31
0 99
0 21
0 109
0 90
0 39
0 40
0 57
0 58
0 80
0 32
0 98
0 69
0 50
0 73
0 72
0 79
0 54
0 76
0 67
0 43
0 87
0 61
0 66
0 68
0 64
0 63
1 126 62
0 65
1 127 51
1 128 101
1 4 74
2 128
END_STATE
END_LABELED_STATE
BEGIN_LABELED_STATE
18
BEGIN_STATE
0 42
0 20
0 88
0 110
0 100
0 31
0 99
0 21
0 109
0 90
0 39
0 40
0 57
0 58
0 80
0 74
0 32
0 98
0 69
0 50
0 72
0 79
0 54
0 76
0 67
0 43
0 87
0 61
0 66
0 68
0 64
0 63
1 126 62
0 65
1 127 51
1 128 101
1 4 73
2 128
END_STATE
END_LABELED_STATE
BEGIN_LABELED_STATE
17
BEGIN_STATE
0 42
0 20
0 88
0 110
0 100
0 31
0 99
0 21
0 109
0 90
0 39
0 40
0 57
0 58
0 80
0 74
0 32
0 98
0 69
0 50
0 73
0 79
0 54
0 76
0 67
0 43
0 87
0 61
0 66
0 68
0 64
0 63
1 126 62
0 65
1 127 51
1 128 101
1 4 72
2 128
END_STATE
END_LABELED_STATE
BEGIN_LABELED_STATE
16
BEGIN_STATE
0 42
0 20
0 88
0 110
0 100
0 31
0 99
0 21
0 109
0 90
0 39
0 40
0 57
0 58
0 80
0 74
0 32
0 98
0 69
0 50
0 73
0 72
0 79
0 54
0 76
0 67
0 43
0 87
0 66
0 68
0 64
0 63
1 126 62
0 65
1 127 51
1 128 101
1 4 61
2 128
END_STATE
END_LABELED_STATE
BEGIN_LABELED_STATE
15
BEGIN_STATE
0 42
0 20
0 88
0 110
0 100
0 31
0 99
0 21
0 109
0 90
0 39
0 40
0 57
0 58
0 80
0 74
0 32
0 98
0 69
0 50
0 73
0 72
0 79
0 54
0 76
0 67
0 43
0 87
0 61
0 66
0 68
0 64
1 126 63
0 65
1 127 51
1 128 101
1 4 62
2 128
END_STATE
END_LABELED_STATE
BEGIN_LABELED_STATE
14
BEGIN_STATE
0 42
0 20
0 88
0 110
0 100
0 31
0 99
0 21
0 109
0 90
0 39
0 40
0 57
0 58
0 80
0 74
0 32
0 98
0 69
0 50
0 73
0 72
0 79
0 54
0 76
0 67
0 43
0 87
0 61
0 66
0 68
0 62
1 126 64
0 65
1 127 51
1 128 101
1 4 63
2 128
2 126
END_STATE
END_LABELED_STATE
BEGIN_LABELED_STATE
13
BEGIN_STATE
0 42
0 20
0 88
0 110
0 100
0 31
0 99
0 21
0 109
0 90
0 39
0 40
0 57
0 58
0 80
0 74
0 32
0 98
0 69
0 50
0 73
0 72
0 79
0 54
0 76
0 67
0 43
0 87
0 61
0 66
0 68
0 62
0 63
1 126 65
1 127 51
1 128 101
1 4 64
2 128
END_STATE
END_LABELED_STATE
BEGIN_LABELED_STATE
12
BEGIN_STATE
0 42
0 20
0 88
0 110
0 100
0 31
0 99
0 21
0 109
0 90
0 39
0 40
0 57
0 58
0 80
0 74
0 32
0 98
0 69
0 50
0 73
0 72
0 79
0 54
0 76
0 67
0 43
0 87
0 61
0 68
0 64
0 62
0 63
1 126 66
1 127 51
1 128 101
1 4 65
2 128
2 126
END_STATE
END_LABELED_STATE
BEGIN_LABELED_STATE
11
BEGIN_STATE
0 42
0 20
0 88
0 110
0 100
0 31
0 99
0 21
0 109
0 90
0 39
0 40
0 57
0 58
0 80
0 74
0 32
0 98
0 69
0 50
0 73
0 72
0 79
0 54
0 76
0 67
0 43
0 87
0 61
0 68
0 62
0 63
1 126 66
0 65
1 127 51
1 128 101
1 4 64
2 128
2 126
END_STATE
END_LABELED_STATE
BEGIN_LABELED_STATE
10
BEGIN_STATE
0 42
0 20
0 88
0 110
0 100
0 31
0 99
0 21
0 109
0 90
0 39
0 40
0 57
0 58
0 80
0 74
0 32
0 98
0 69
0 50
0 73
0 72
0 79
0 54
0 76
0 67
0 43
0 87
0 61
0 68
0 64
0 62
1 126 66
0 65
1 127 51
1 128 101
1 4 63
2 128
2 126
END_STATE
END_LABELED_STATE
BEGIN_LABELED_STATE
9
BEGIN_STATE
0 42
0 20
0 88
0 110
0 100
0 31
0 99
0 21
0 109
0 90
0 39
0 40
0 57
0 58
0 80
0 74
0 32
0 98
0 69
0 50
0 73
0 72
0 79
0 54
0 76
0 67
0 43
0 87
0 61
0 68
0 64
0 63
1 126 66
0 65
1 127 51
1 128 101
1 4 62
2 128
2 126
END_STATE
END_LABELED_STATE
BEGIN_LABELED_STATE
8
BEGIN_STATE
0 42
0 20
0 88
0 110
0 100
0 31
0 99
0 21
0 109
0 90
0 39
0 40
0 57
0 58
0 80
0 74
0 32
0 98
0 69
0 50
0 73
0 72
0 79
0 54
0 76
0 67
0 43
0 87
0 68
0 64
0 62
0 63
1 126 66
0 65
1 127 51
1 128 101
1 4 61
2 128
2 126
END_STATE
END_LABELED_STATE
BEGIN_LABELED_STATE
7
BEGIN_STATE
0 42
0 20
0 88
0 110
0 100
0 31
0 99
0 21
0 109
0 90
0 39
0 40
0 57
0 58
0 80
0 74
0 32
0 98
0 69
0 73
0 72
0 79
0 54
0 76
0 67
0 43
0 87
0 61
0 68
0 64
0 62
0 63
1 126 66
0 65
1 127 51
1 128 101
1 4 50
2 128
2 126
END_STATE
END_LABELED_STATE
BEGIN_LABELED_STATE
6
BEGIN_STATE
0 42
0 20
0 88
0 110
0 100
0 31
0 99
0 21
0 109
0 90
0 40
0 57
0 58
0 80
0 74
0 32
0 98
0 69
0 50
0 73
0 72
0 79
0 54
0 76
0 67
0 43
0 87
0 61
0 68
0 64
0 62
0 63
1 126 66
0 65
1 127 51
1 128 101
1 4 39
2 128
2 126
END_STATE
END_LABELED_STATE
BEGIN_LABELED_STATE
5
BEGIN_STATE
0 42
0 20
0 88
0 110
0 100
0 31
0 99
0 21
0 109
0 90
0 39
0 57
0 58
0 80
0 74
0 32
0 98
0 69
0 50
0 73
0 72
0 79
0 54
0 76
0 67
0 43
0 87
0 61
0 68
0 64
0 62
0 63
1 126 66
0 65
1 127 51
1 128 101
1 4 40
2 128
2 126
END_STATE
END_LABELED_STATE
BEGIN_LABELED_STATE
4
BEGIN_STATE
0 42
0 20
0 88
0 110
0 100
0 31
0 99
0 21
0 109
0 90
0 39
0 40
0 57
0 58
0 80
0 74
0 32
0 98
0 69
0 50
0 73
0 72
0 79
0 54
0 76
0 67
0 43
0 87
0 61
0 68
0 64
0 63
1 126 66
0 65
1 127 62
1 128 101
1 4 51
2 128
2 126
END_STATE
END_LABELED_STATE
BEGIN_LABELED_STATE
3
BEGIN_STATE
0 42
0 20
0 88
0 110
0 100
0 31
0 99
0 21
0 109
0 90
0 39
0 40
0 57
0 58
0 80
0 74
0 32
0 98
0 69
0 51
0 73
0 72
0 79
0 54
0 76
0 67
0 43
0 87
0 61
0 68
0 64
0 63
1 126 66
0 65
1 127 62
1 128 101
1 4 50
2 128
2 126
END_STATE
END_LABELED_STATE
BEGIN_LABELED_STATE
2
BEGIN_STATE
0 42
0 20
0 88
0 110
0 100
0 31
0 99
0 21
0 109
0 90
0 39
0 40
0 57
0 58
0 80
0 74
0 32
0 98
0 69
0 50
0 51
0 73
0 72
0 79
0 54
0 76
0 67
0 43
0 87
0 68
0 64
0 63
1 126 66
0 65
1 127 62
1 128 101
1 4 61
2 128
2 126
END_STATE
END_LABELED_STATE
BEGIN_LABELED_STATE
1
BEGIN_STATE
0 42
0 20
0 88
0 110
0 100
0 31
0 99
0 21
0 109
0 90
0 39
0 40
0 57
0 58
0 80
0 74
0 32
0 98
0 69
0 50
0 51
0 73
0 72
0 79
0 54
0 76
0 67
0 43
0 87
0 61
0 68
0 64
1 126 66
0 65
1 127 63
1 128 101
1 4 62
2 128
2 126
END_STATE
END_LABELED_STATE
BEGIN_LABELED_STATE
0
BEGIN_STATE
0 42
0 20
0 88
0 110
0 100
0 31
0 99
0 21
0 109
0 90
0 39
0 40
0 57
0 58
0 80
0 74
0 32
0 98
0 69
0 50
0 51
0 73
0 72
0 79
0 54
0 76
0 67
0 43
0 87
0 61
0 68
0 62
1 126 66
0 65
1 127 64
1 128 101
1 4 63
2 128
2 127
2 126
END_STATE
END_LABELED_STATE
BEGIN_LABELED_STATE
0
BEGIN_STATE
0 88
0 110
0 101
0 90
0 40
0 32
0 69
0 50
0 79
0 76
0 67
0 87
0 61
0 66
1 126 32
1 127 65
1 128 98
1 4 57
2 128
2 127
2 126
END_STATE
END_LABELED_STATE
BEGIN_LABELED_STATE
0
BEGIN_STATE
0 88
0 109
0 90
0 58
0 80
0 50
0 51
0 54
0 67
0 43
0 66
0 68
0 64
1 126 90
0 65
1 127 32
1 128 50
1 4 72
2 128
2 127
2 126
END_STATE
END_LABELED_STATE
BEGIN_LABELED_STATE
0
BEGIN_STATE
0 42
0 110
0 100
0 21
0 109
0 40
0 80
0 32
0 69
0 51
0 72
0 79
0 54
0 61
0 66
0 68
0 62
0 63
1 126 87
0 65
1 127 62
1 128 109
1 4 69
2 128
2 127
2 126
END_STATE
END_LABELED_STATE
BEGIN_LABELED_STATE
0
BEGIN_STATE
0 20
0 31
0 21
0 109
0 90
0 40
0 58
0 98
0 69
0 50
0 51
0 73
0 72
0 43
0 61
0 66
0 68
0 64
1 126 50
1 127 50
1 128 32
1 4 109
2 128
2 127
2 126
END_STATE
END_LABELED_STATE
BEGIN_LABELED_STATE
0
BEGIN_STATE
0 20
0 88
0 31
0 99
0 109
0 90
0 74
0 32
0 69
0 50
0 51
0 73
0 79
0 54
0 76
0 67
0 87
0 61
0 66
0 68
0 63
1 126 67
1 127 63
1 128 109
1 4 39
2 128
2 127
2 126
END_STATE
END_LABELED_STATE
BEGIN_LABELED_STATE
0
BEGIN_STATE
0 42
0 88
0 100
0 31
0 99
0 21
0 101
0 90
0 39
0 57
0 80
0 32
0 98
0 69
0 51
0 72
0 79
0 67
0 43
0 87
0 66
0 62
1 126 58
1 127 76
1 128 76
1 4 65
2 128
2 127
2 126
END_STATE
END_LABELED_STATE
BEGIN_LABELED_STATE
0
BEGIN_STATE
0 42
0 20
0 88
0 110
0 100
0 31
0 21
0 58
0 32
0 98
0 69
0 51
0 43
0 66
0 63
1 126 74
1 127 67
1 128 32
1 4 21
2 128
2 127
2 126
END_STATE
END_LABELED_STATE
END_STATE_LIST
