BEGIN_TYPES
0 -1 object
1 0 thing
2 0 location
3 0 direction
4 1 player
5 1 stone
END_TYPES
BEGIN_OBJECTS
0 3 dir-down
1 3 dir-left
2 3 dir-right
3 3 dir-up
4 4 player-01
5 2 pos-01-01
6 2 pos-01-02
7 2 pos-01-03
8 2 pos-01-04
9 2 pos-01-05
10 2 pos-01-06
11 2 pos-01-07
12 2 pos-02-01
13 2 pos-02-02
14 2 pos-02-03
15 2 pos-02-04
16 2 pos-02-05
17 2 pos-02-06
18 2 pos-02-07
19 2 pos-03-01
20 2 pos-03-02
21 2 pos-03-03
22 2 pos-03-04
23 2 pos-03-05
24 2 pos-03-06
25 2 pos-03-07
26 2 pos-04-01
27 2 pos-04-02
28 2 pos-04-03
29 2 pos-04-04
30 2 pos-04-05
31 2 pos-04-06
32 2 pos-04-07
33 2 pos-05-01
34 2 pos-05-02
35 2 pos-05-03
36 2 pos-05-04
37 2 pos-05-05
38 2 pos-05-06
39 2 pos-05-07
40 2 pos-06-01
41 2 pos-06-02
42 2 pos-06-03
43 2 pos-06-04
44 2 pos-06-05
45 2 pos-06-06
46 2 pos-06-07
47 2 pos-07-01
48 2 pos-07-02
49 2 pos-07-03
50 2 pos-07-04
51 2 pos-07-05
52 2 pos-07-06
53 2 pos-07-07
54 2 pos-08-01
55 2 pos-08-02
56 2 pos-08-03
57 2 pos-08-04
58 2 pos-08-05
59 2 pos-08-06
60 2 pos-08-07
61 2 pos-09-01
62 2 pos-09-02
63 2 pos-09-03
64 2 pos-09-04
65 2 pos-09-05
66 2 pos-09-06
67 2 pos-09-07
68 2 pos-10-01
69 2 pos-10-02
70 2 pos-10-03
71 2 pos-10-04
72 2 pos-10-05
73 2 pos-10-06
74 2 pos-10-07
75 2 pos-11-01
76 2 pos-11-02
77 2 pos-11-03
78 2 pos-11-04
79 2 pos-11-05
80 2 pos-11-06
81 2 pos-11-07
82 2 pos-12-01
83 2 pos-12-02
84 2 pos-12-03
85 2 pos-12-04
86 2 pos-12-05
87 2 pos-12-06
88 2 pos-12-07
89 2 pos-13-01
90 2 pos-13-02
91 2 pos-13-03
92 2 pos-13-04
93 2 pos-13-05
94 2 pos-13-06
95 2 pos-13-07
96 2 pos-14-01
97 2 pos-14-02
98 2 pos-14-03
99 2 pos-14-04
100 2 pos-14-05
101 2 pos-14-06
102 2 pos-14-07
103 2 pos-15-01
104 2 pos-15-02
105 2 pos-15-03
106 2 pos-15-04
107 2 pos-15-05
108 2 pos-15-06
109 2 pos-15-07
110 5 stone-01
111 5 stone-02
112 5 stone-03
113 5 stone-04
END_OBJECTS
BEGIN_PREDICATES
0 2 clear
1 1 2 at
2 5 at-goal
3 2 is-goal
4 2 is-nongoal
5 2 2 3 move-dir
END_PREDICATES
BEGIN_GOAL
2 110
2 111
2 112
2 113
END_GOAL
BEGIN_ACTIONS
END_ACTIONS
BEGIN_STATIC_FACTS
5 15 14 3
5 36 43 2
5 94 93 3
4 53
4 69
5 69 62 1
5 103 96 1
4 80
5 59 66 2
4 9
4 5
5 58 65 2
5 18 11 1
4 102
5 87 94 2
4 34
4 100
5 72 79 2
5 91 90 3
4 31
4 106
4 12
4 59
5 89 96 2
0 10
5 98 105 2
5 70 69 3
5 90 97 2
5 51 58 2
4 68
4 29
5 63 62 3
5 84 83 3
4 70
4 33
4 23
4 7
5 101 94 1
5 57 56 3
5 20 27 2
5 83 90 2
4 91
5 66 73 2
4 72
4 52
0 103
4 87
4 19
4 11
5 87 86 3
3 28
5 15 22 2
5 58 59 0
4 78
5 41 34 1
5 100 101 0
4 88
5 69 70 0
4 22
0 98
4 18
4 35
5 83 84 0
5 14 13 3
5 52 59 2
4 6
4 85
5 90 83 1
5 104 103 3
4 38
0 105
5 42 43 0
5 23 22 3
5 23 30 2
4 47
4 90
5 45 52 2
0 96
5 94 101 2
5 55 62 2
4 89
5 101 100 3
4 56
0 104
5 38 31 1
4 101
4 62
5 52 45 1
5 36 35 3
4 24
4 74
5 86 87 0
4 46
4 81
0 97
4 73
5 49 56 2
5 73 80 2
5 93 100 2
5 59 58 3
4 15
4 86
5 97 96 3
4 41
5 89 82 1
4 79
4 57
5 43 42 3
5 13 20 2
4 82
5 73 66 1
4 95
5 34 41 2
4 94
5 57 58 0
5 84 91 2
5 31 38 2
4 60
5 87 80 1
5 28 27 3
4 51
5 55 56 0
5 97 90 1
4 84
4 49
5 66 65 3
5 35 42 2
5 34 27 1
5 30 23 1
4 44
5 66 59 1
5 65 72 2
5 31 30 3
5 27 34 2
5 93 94 0
5 27 28 0
5 100 93 1
5 52 51 3
4 66
5 89 90 0
0 83
3 43
5 38 45 2
4 10
5 42 41 3
5 97 98 0
4 76
5 90 91 0
5 96 103 2
5 72 65 1
5 86 79 1
4 65
5 27 20 1
5 49 42 1
4 25
5 58 51 1
5 97 104 2
5 11 10 3
5 30 31 0
4 108
5 63 56 1
5 28 35 2
4 37
4 39
4 64
4 21
5 10 11 0
4 50
4 103
5 82 83 0
4 45
4 54
5 80 87 2
5 22 15 1
5 73 72 3
5 35 34 3
4 48
4 98
4 77
5 11 18 2
0 91
5 105 104 3
5 103 104 0
5 82 89 2
5 56 63 2
4 105
0 11
5 91 84 1
5 62 55 1
4 67
4 96
0 18
5 13 14 0
5 62 69 2
4 104
5 59 52 1
4 63
4 61
4 97
4 92
5 79 80 0
5 65 66 0
5 42 49 2
4 30
5 72 73 0
4 107
5 34 35 0
0 90
4 42
4 13
5 86 93 2
4 99
5 96 89 1
5 20 13 1
0 89
5 56 55 3
5 56 49 1
5 93 86 1
5 98 91 1
5 104 105 0
4 20
5 83 82 3
5 80 73 1
5 43 36 1
4 109
5 105 98 1
5 22 23 0
5 41 42 0
5 80 79 3
5 62 63 0
5 79 72 1
5 35 36 0
5 94 87 1
5 56 57 0
4 71
5 98 97 3
4 58
4 32
5 79 86 2
5 90 89 3
3 36
4 93
4 26
0 82
5 51 52 0
5 104 97 1
4 14
5 70 63 1
4 8
3 27
4 55
4 83
4 40
4 16
5 45 38 1
5 65 58 1
4 17
5 91 98 2
5 58 57 3
4 75
5 42 35 1
5 63 70 2
0 84
5 14 15 0
5 96 97 0
5 35 28 1
END_STATIC_FACTS
BEGIN_STATE_LIST
BEGIN_LABELED_STATE
197
BEGIN_STATE
0 30
0 23
0 22
0 15
0 14
0 69
0 62
0 31
0 13
0 70
0 55
0 38
0 20
0 28
0 36
0 43
0 51
0 100
0 101
0 63
0 94
0 35
0 34
0 45
0 41
0 27
0 57
0 52
0 86
0 87
0 42
0 80
0 66
0 72
0 73
0 59
0 56
1 110 58
1 111 65
1 112 79
1 113 93
1 4 49
END_STATE
END_LABELED_STATE
BEGIN_LABELED_STATE
196
BEGIN_STATE
0 30
0 23
0 22
0 15
0 14
0 69
0 62
0 31
0 13
0 70
0 55
0 38
0 20
0 28
0 36
0 43
0 51
0 100
0 101
0 63
0 94
0 35
0 49
0 34
0 45
0 41
0 27
0 57
0 52
0 86
0 87
0 80
0 66
0 72
0 73
0 59
0 56
1 110 58
1 111 65
1 112 79
1 113 93
1 4 42
END_STATE
END_LABELED_STATE
BEGIN_LABELED_STATE
195
BEGIN_STATE
0 30
0 23
0 22
0 15
0 14
0 69
0 62
0 31
0 13
0 70
0 55
0 38
0 20
0 28
0 36
0 43
0 51
0 100
0 101
0 63
0 94
0 35
0 49
0 34
0 45
0 27
0 57
0 52
0 86
0 87
0 42
0 80
0 66
0 72
0 73
0 59
0 56
1 110 58
1 111 65
1 112 79
1 113 93
1 4 41
END_STATE
END_LABELED_STATE
BEGIN_LABELED_STATE
194
BEGIN_STATE
0 30
0 23
0 22
0 15
0 14
0 69
0 62
0 31
0 13
0 70
0 55
0 38
0 20
0 28
0 36
0 43
0 51
0 100
0 101
0 63
0 94
0 35
0 49
0 45
0 41
0 27
0 57
0 52
0 86
0 87
0 42
0 80
0 66
0 72
0 73
0 59
0 56
1 110 58
1 111 65
1 112 79
1 113 93
1 4 34
END_STATE
END_LABELED_STATE
BEGIN_LABELED_STATE
193
BEGIN_STATE
0 30
0 23
0 22
0 15
0 14
0 69
0 62
0 31
0 13
0 70
0 55
0 38
0 20
0 28
0 36
0 43
0 51
0 100
0 101
0 63
0 94
0 35
0 49
0 34
0 45
0 41
0 57
0 52
0 86
0 87
0 42
0 80
0 66
0 72
0 73
0 59
0 56
1 110 58
1 111 65
1 112 79
1 113 93
1 4 27
END_STATE
END_LABELED_STATE
BEGIN_LABELED_STATE
192
BEGIN_STATE
0 30
0 23
0 22
0 15
0 14
0 69
0 62
0 31
0 13
0 70
0 55
0 38
0 28
0 36
0 43
0 51
0 100
0 101
0 63
0 94
0 35
0 49
0 34
0 45
0 41
0 27
0 57
0 52
0 86
0 87
0 42
0 80
0 66
0 72
0 73
0 59
0 56
1 110 58
1 111 65
1 112 79
1 113 93
1 4 20
END_STATE
END_LABELED_STATE
BEGIN_LABELED_STATE
191
BEGIN_STATE
0 30
0 23
0 22
0 15
0 14
0 69
0 62
0 31
0 70
0 55
0 38
0 20
0 28
0 36
0 43
0 51
0 100
0 101
0 63
0 94
0 35
0 49
0 34
0 45
0 41
0 27
0 57
0 52
0 86
0 87
0 42
0 80
0 66
0 72
0 73
0 59
0 56
1 110 58
1 111 65
1 112 79
1 113 93
1 4 13
END_STATE
END_LABELED_STATE
BEGIN_LABELED_STATE
190
BEGIN_STATE
0 30
0 23
0 22
0 15
0 69
0 62
0 31
0 13
0 70
0 55
0 38
0 20
0 28
0 36
0 43
0 51
0 100
0 101
0 63
0 94
0 35
0 49
0 34
0 45
0 41
0 27
0 57
0 52
0 86
0 87
0 42
0 80
0 66
0 72
0 73
0 59
0 56
1 110 58
1 111 65
1 112 79
1 113 93
1 4 14
END_STATE
END_LABELED_STATE
BEGIN_LABELED_STATE
189
BEGIN_STATE
0 30
0 23
0 22
0 14
0 69
0 62
0 31
0 13
0 70
0 55
0 38
0 20
0 28
0 36
0 43
0 51
0 100
0 101
0 63
0 94
0 35
0 49
0 34
0 45
0 41
0 27
0 57
0 52
0 86
0 87
0 42
0 80
0 66
0 72
0 73
0 59
0 56
1 110 58
1 111 65
1 112 79
1 113 93
1 4 15
END_STATE
END_LABELED_STATE
BEGIN_LABELED_STATE
188
BEGIN_STATE
0 30
0 23
0 15
0 14
0 69
0 62
0 31
0 13
0 70
0 55
0 38
0 20
0 28
0 36
0 43
0 51
0 100
0 101
0 63
0 94
0 35
0 49
0 34
0 45
0 41
0 27
0 57
0 52
0 86
0 87
0 42
0 80
0 66
0 72
0 73
0 59
0 56
1 110 58
1 111 65
1 112 79
1 113 93
1 4 22
END_STATE
END_LABELED_STATE
BEGIN_LABELED_STATE
187
BEGIN_STATE
0 30
0 22
0 15
0 14
0 69
0 62
0 31
0 13
0 70
0 55
0 38
0 20
0 28
0 36
0 43
0 51
0 100
0 101
0 63
0 94
0 35
0 49
0 34
0 45
0 41
0 27
0 57
0 52
0 86
0 87
0 42
0 80
0 66
0 72
0 73
0 59
0 56
1 110 58
1 111 65
1 112 79
1 113 93
1 4 23
END_STATE
END_LABELED_STATE
BEGIN_LABELED_STATE
186
BEGIN_STATE
0 23
0 22
0 15
0 14
0 69
0 62
0 31
0 13
0 70
0 55
0 38
0 20
0 28
0 36
0 43
0 51
0 100
0 101
0 63
0 94
0 35
0 49
0 34
0 45
0 41
0 27
0 57
0 52
0 86
0 87
0 42
0 80
0 66
0 72
0 73
0 59
0 56
1 110 58
1 111 65
1 112 79
1 113 93
1 4 30
END_STATE
END_LABELED_STATE
BEGIN_LABELED_STATE
185
BEGIN_STATE
0 30
0 23
0 22
0 15
0 14
0 69
0 62
0 13
0 70
0 55
0 38
0 20
0 28
0 36
0 43
0 51
0 100
0 101
0 63
0 94
0 35
0 49
0 34
0 45
0 41
0 27
0 57
0 52
0 86
0 87
0 42
0 80
0 66
0 72
0 73
0 59
0 56
1 110 58
1 111 65
1 112 79
1 113 93
1 4 31
END_STATE
END_LABELED_STATE
BEGIN_LABELED_STATE
184
BEGIN_STATE
0 30
0 23
0 22
0 15
0 14
0 69
0 62
0 31
0 13
0 70
0 55
0 20
0 28
0 36
0 43
0 51
0 100
0 101
0 63
0 94
0 35
0 49
0 34
0 45
0 41
0 27
0 57
0 52
0 86
0 87
0 42
0 80
0 66
0 72
0 73
0 59
0 56
1 110 58
1 111 65
1 112 79
1 113 93
1 4 38
END_STATE
END_LABELED_STATE
BEGIN_LABELED_STATE
183
BEGIN_STATE
0 30
0 23
0 22
0 15
0 14
0 69
0 62
0 31
0 13
0 70
0 55
0 38
0 20
0 28
0 36
0 43
0 51
0 100
0 101
0 63
0 94
0 35
0 49
0 34
0 41
0 27
0 57
0 52
0 86
0 87
0 42
0 80
0 66
0 72
0 73
0 59
0 56
1 110 58
1 111 65
1 112 79
1 113 93
1 4 45
END_STATE
END_LABELED_STATE
BEGIN_LABELED_STATE
182
BEGIN_STATE
0 30
0 23
0 22
0 15
0 14
0 69
0 62
0 31
0 13
0 70
0 55
0 38
0 20
0 28
0 36
0 43
0 51
0 100
0 101
0 63
0 94
0 35
0 49
0 34
0 45
0 41
0 27
0 57
0 86
0 87
0 42
0 80
0 66
0 72
0 73
0 59
0 56
1 110 58
1 111 65
1 112 79
1 113 93
1 4 52
END_STATE
END_LABELED_STATE
BEGIN_LABELED_STATE
181
BEGIN_STATE
0 30
0 23
0 22
0 15
0 14
0 69
0 62
0 31
0 13
0 70
0 55
0 38
0 20
0 28
0 36
0 43
0 51
0 100
0 101
0 63
0 94
0 35
0 49
0 34
0 45
0 41
0 27
0 57
0 52
0 86
0 87
0 42
0 80
0 66
0 72
0 73
0 56
1 110 58
1 111 65
1 112 79
1 113 93
1 4 59
END_STATE
END_LABELED_STATE
BEGIN_LABELED_STATE
180
BEGIN_STATE
0 30
0 23
0 22
0 15
0 14
0 69
0 62
0 31
0 13
0 70
0 55
0 38
0 20
0 28
0 36
0 43
0 51
0 100
0 101
0 63
0 94
0 35
0 49
0 34
0 45
0 41
0 27
0 52
0 86
0 87
0 42
0 80
0 66
0 72
0 73
0 59
0 56
1 110 57
1 111 65
1 112 79
1 113 93
1 4 58
END_STATE
END_LABELED_STATE
BEGIN_LABELED_STATE
179
BEGIN_STATE
0 30
0 23
0 22
0 15
0 14
0 69
0 62
0 31
0 13
0 70
0 55
0 38
0 20
0 28
0 36
0 43
0 51
0 100
0 101
0 63
0 94
0 35
0 49
0 34
0 45
0 41
0 27
0 52
0 86
0 87
0 42
0 80
0 66
0 72
0 73
0 58
0 59
1 110 56
1 111 65
1 112 79
1 113 93
1 4 57
END_STATE
END_LABELED_STATE
BEGIN_LABELED_STATE
178
BEGIN_STATE
0 30
0 23
0 22
0 15
0 14
0 69
0 62
0 31
0 13
0 70
0 55
0 38
0 20
0 28
0 36
0 43
0 51
0 100
0 101
0 63
0 94
0 35
0 49
0 34
0 45
0 41
0 27
0 57
0 52
0 86
0 87
0 42
0 80
0 66
0 72
0 73
0 59
1 110 56
1 111 65
1 112 79
1 113 93
1 4 58
END_STATE
END_LABELED_STATE
BEGIN_LABELED_STATE
177
BEGIN_STATE
0 30
0 23
0 22
0 15
0 14
0 69
0 62
0 31
0 13
0 70
0 55
0 38
0 20
0 28
0 36
0 43
0 51
0 100
0 101
0 63
0 94
0 35
0 49
0 34
0 45
0 41
0 27
0 57
0 52
0 86
0 87
0 42
0 80
0 66
0 72
0 73
0 58
1 110 56
1 111 65
1 112 79
1 113 93
1 4 59
END_STATE
END_LABELED_STATE
BEGIN_LABELED_STATE
176
BEGIN_STATE
0 30
0 23
0 22
0 15
0 14
0 69
0 62
0 31
0 13
0 70
0 55
0 38
0 20
0 28
0 36
0 43
0 51
0 100
0 101
0 63
0 94
0 35
0 49
0 34
0 45
0 41
0 27
0 57
0 86
0 87
0 42
0 80
0 66
0 72
0 73
0 58
0 59
1 110 56
1 111 65
1 112 79
1 113 93
1 4 52
END_STATE
END_LABELED_STATE
BEGIN_LABELED_STATE
175
BEGIN_STATE
0 30
0 23
0 22
0 15
0 14
0 69
0 62
0 31
0 13
0 70
0 55
0 38
0 20
0 28
0 36
0 43
0 51
0 100
0 101
0 63
0 94
0 35
0 49
0 34
0 41
0 27
0 57
0 52
0 86
0 87
0 42
0 80
0 66
0 72
0 73
0 58
0 59
1 110 56
1 111 65
1 112 79
1 113 93
1 4 45
END_STATE
END_LABELED_STATE
BEGIN_LABELED_STATE
174
BEGIN_STATE
0 30
0 23
0 22
0 15
0 14
0 69
0 62
0 31
0 13
0 70
0 55
0 20
0 28
0 36
0 43
0 51
0 100
0 101
0 63
0 94
0 35
0 49
0 34
0 45
0 41
0 27
0 57
0 52
0 86
0 87
0 42
0 80
0 66
0 72
0 73
0 58
0 59
1 110 56
1 111 65
1 112 79
1 113 93
1 4 38
END_STATE
END_LABELED_STATE
BEGIN_LABELED_STATE
173
BEGIN_STATE
0 30
0 23
0 22
0 15
0 14
0 69
0 62
0 13
0 70
0 55
0 38
0 20
0 28
0 36
0 43
0 51
0 100
0 101
0 63
0 94
0 35
0 49
0 34
0 45
0 41
0 27
0 57
0 52
0 86
0 87
0 42
0 80
0 66
0 72
0 73
0 58
0 59
1 110 56
1 111 65
1 112 79
1 113 93
1 4 31
END_STATE
END_LABELED_STATE
BEGIN_LABELED_STATE
172
BEGIN_STATE
0 23
0 22
0 15
0 14
0 69
0 62
0 31
0 13
0 70
0 55
0 38
0 20
0 28
0 36
0 43
0 51
0 100
0 101
0 63
0 94
0 35
0 49
0 34
0 45
0 41
0 27
0 57
0 52
0 86
0 87
0 42
0 80
0 66
0 72
0 73
0 58
0 59
1 110 56
1 111 65
1 112 79
1 113 93
1 4 30
END_STATE
END_LABELED_STATE
BEGIN_LABELED_STATE
171
BEGIN_STATE
0 30
0 22
0 15
0 14
0 69
0 62
0 31
0 13
0 70
0 55
0 38
0 20
0 28
0 36
0 43
0 51
0 100
0 101
0 63
0 94
0 35
0 49
0 34
0 45
0 41
0 27
0 57
0 52
0 86
0 87
0 42
0 80
0 66
0 72
0 73
0 58
0 59
1 110 56
1 111 65
1 112 79
1 113 93
1 4 23
END_STATE
END_LABELED_STATE
BEGIN_LABELED_STATE
170
BEGIN_STATE
0 30
0 23
0 15
0 14
0 69
0 62
0 31
0 13
0 70
0 55
0 38
0 20
0 28
0 36
0 43
0 51
0 100
0 101
0 63
0 94
0 35
0 49
0 34
0 45
0 41
0 27
0 57
0 52
0 86
0 87
0 42
0 80
0 66
0 72
0 73
0 58
0 59
1 110 56
1 111 65
1 112 79
1 113 93
1 4 22
END_STATE
END_LABELED_STATE
BEGIN_LABELED_STATE
169
BEGIN_STATE
0 30
0 23
0 22
0 14
0 69
0 62
0 31
0 13
0 70
0 55
0 38
0 20
0 28
0 36
0 43
0 51
0 100
0 101
0 63
0 94
0 35
0 49
0 34
0 45
0 41
0 27
0 57
0 52
0 86
0 87
0 42
0 80
0 66
0 72
0 73
0 58
0 59
1 110 56
1 111 65
1 112 79
1 113 93
1 4 15
END_STATE
END_LABELED_STATE
BEGIN_LABELED_STATE
168
BEGIN_STATE
0 30
0 23
0 22
0 15
0 69
0 62
0 31
0 13
0 70
0 55
0 38
0 20
0 28
0 36
0 43
0 51
0 100
0 101
0 63
0 94
0 35
0 49
0 34
0 45
0 41
0 27
0 57
0 52
0 86
0 87
0 42
0 80
0 66
0 72
0 73
0 58
0 59
1 110 56
1 111 65
1 112 79
1 113 93
1 4 14
END_STATE
END_LABELED_STATE
BEGIN_LABELED_STATE
167
BEGIN_STATE
0 30
0 23
0 22
0 15
0 14
0 69
0 62
0 31
0 70
0 55
0 38
0 20
0 28
0 36
0 43
0 51
0 100
0 101
0 63
0 94
0 35
0 49
0 34
0 45
0 41
0 27
0 57
0 52
0 86
0 87
0 42
0 80
0 66
0 72
0 73
0 58
0 59
1 110 56
1 111 65
1 112 79
1 113 93
1 4 13
END_STATE
END_LABELED_STATE
BEGIN_LABELED_STATE
166
BEGIN_STATE
0 30
0 23
0 22
0 15
0 14
0 69
0 62
0 31
0 13
0 70
0 55
0 38
0 28
0 36
0 43
0 51
0 100
0 101
0 63
0 94
0 35
0 49
0 34
0 45
0 41
0 27
0 57
0 52
0 86
0 87
0 42
0 80
0 66
0 72
0 73
0 58
0 59
1 110 56
1 111 65
1 112 79
1 113 93
1 4 20
END_STATE
END_LABELED_STATE
BEGIN_LABELED_STATE
165
BEGIN_STATE
0 30
0 23
0 22
0 15
0 14
0 69
0 62
0 31
0 13
0 70
0 55
0 38
0 20
0 28
0 36
0 43
0 51
0 100
0 101
0 63
0 94
0 35
0 49
0 34
0 45
0 41
0 57
0 52
0 86
0 87
0 42
0 80
0 66
0 72
0 73
0 58
0 59
1 110 56
1 111 65
1 112 79
1 113 93
1 4 27
END_STATE
END_LABELED_STATE
BEGIN_LABELED_STATE
164
BEGIN_STATE
0 30
0 23
0 22
0 15
0 14
0 69
0 62
0 31
0 13
0 70
0 55
0 38
0 20
0 28
0 36
0 43
0 51
0 100
0 101
0 63
0 94
0 35
0 49
0 45
0 41
0 27
0 57
0 52
0 86
0 87
0 42
0 80
0 66
0 72
0 73
0 58
0 59
1 110 56
1 111 65
1 112 79
1 113 93
1 4 34
END_STATE
END_LABELED_STATE
BEGIN_LABELED_STATE
163
BEGIN_STATE
0 30
0 23
0 22
0 15
0 14
0 69
0 62
0 31
0 13
0 70
0 55
0 38
0 20
0 28
0 36
0 43
0 51
0 100
0 101
0 63
0 94
0 35
0 49
0 34
0 45
0 27
0 57
0 52
0 86
0 87
0 42
0 80
0 66
0 72
0 73
0 58
0 59
1 110 56
1 111 65
1 112 79
1 113 93
1 4 41
END_STATE
END_LABELED_STATE
BEGIN_LABELED_STATE
162
BEGIN_STATE
0 30
0 23
0 22
0 15
0 14
0 69
0 62
0 31
0 13
0 70
0 55
0 38
0 20
0 28
0 36
0 43
0 51
0 100
0 101
0 63
0 94
0 35
0 49
0 34
0 45
0 41
0 27
0 57
0 52
0 86
0 87
0 80
0 66
0 72
0 73
0 58
0 59
1 110 56
1 111 65
1 112 79
1 113 93
1 4 42
END_STATE
END_LABELED_STATE
BEGIN_LABELED_STATE
161
BEGIN_STATE
0 30
0 23
0 22
0 15
0 14
0 69
0 62
0 31
0 13
0 70
0 55
0 38
0 20
0 28
0 36
0 43
0 51
0 100
0 101
0 63
0 94
0 35
0 34
0 45
0 41
0 27
0 57
0 52
0 86
0 87
0 42
0 80
0 66
0 72
0 73
0 58
0 59
1 110 56
1 111 65
1 112 79
1 113 93
1 4 49
END_STATE
END_LABELED_STATE
BEGIN_LABELED_STATE
160
BEGIN_STATE
0 30
0 23
0 22
0 15
0 14
0 69
0 62
0 31
0 13
0 70
0 55
0 38
0 20
0 28
0 36
0 43
0 51
0 100
0 101
0 94
0 35
0 49
0 34
0 45
0 41
0 27
0 57
0 52
0 86
0 87
0 42
0 80
0 66
0 72
0 73
0 58
0 59
1 110 63
1 111 65
1 112 79
1 113 93
1 4 56
END_STATE
END_LABELED_STATE
BEGIN_LABELED_STATE
159
BEGIN_STATE
0 30
0 23
0 22
0 15
0 14
0 69
0 62
0 31
0 13
0 70
0 38
0 20
0 28
0 36
0 43
0 51
0 100
0 101
0 94
0 35
0 49
0 34
0 45
0 41
0 27
0 57
0 52
0 86
0 87
0 42
0 80
0 66
0 72
0 73
0 58
0 59
0 56
1 110 63
1 111 65
1 112 79
1 113 93
1 4 55
END_STATE
END_LABELED_STATE
BEGIN_LABELED_STATE
158
BEGIN_STATE
0 30
0 23
0 22
0 15
0 14
0 69
0 31
0 13
0 70
0 55
0 38
0 20
0 28
0 36
0 43
0 51
0 100
0 101
0 94
0 35
0 49
0 34
0 45
0 41
0 27
0 57
0 52
0 86
0 87
0 42
0 80
0 66
0 72
0 73
0 58
0 59
0 56
1 110 63
1 111 65
1 112 79
1 113 93
1 4 62
END_STATE
END_LABELED_STATE
BEGIN_LABELED_STATE
157
BEGIN_STATE
0 30
0 23
0 22
0 15
0 14
0 62
0 31
0 13
0 70
0 55
0 38
0 20
0 28
0 36
0 43
0 51
0 100
0 101
0 94
0 35
0 49
0 34
0 45
0 41
0 27
0 57
0 52
0 86
0 87
0 42
0 80
0 66
0 72
0 73
0 58
0 59
0 56
1 110 63
1 111 65
1 112 79
1 113 93
1 4 69
END_STATE
END_LABELED_STATE
BEGIN_LABELED_STATE
156
BEGIN_STATE
0 30
0 23
0 22
0 15
0 14
0 69
0 62
0 31
0 13
0 55
0 38
0 20
0 28
0 36
0 43
0 51
0 100
0 101
0 94
0 35
0 49
0 34
0 45
0 41
0 27
0 57
0 52
0 86
0 87
0 42
0 80
0 66
0 72
0 73
0 58
0 59
0 56
1 110 63
1 111 65
1 112 79
1 113 93
1 4 70
END_STATE
END_LABELED_STATE
BEGIN_LABELED_STATE
155
BEGIN_STATE
0 30
0 23
0 22
0 15
0 14
0 69
0 62
0 31
0 13
0 70
0 55
0 38
0 20
0 28
0 36
0 43
0 51
0 100
0 101
0 94
0 35
0 49
0 34
0 45
0 41
0 27
0 57
0 52
0 86
0 87
0 42
0 80
0 66
0 72
0 73
0 58
0 59
1 110 56
1 111 65
1 112 79
1 113 93
1 4 63
END_STATE
END_LABELED_STATE
BEGIN_LABELED_STATE
154
BEGIN_STATE
0 30
0 23
0 22
0 15
0 14
0 69
0 62
0 31
0 13
0 70
0 55
0 38
0 20
0 28
0 36
0 43
0 51
0 100
0 101
0 63
0 94
0 35
0 34
0 45
0 41
0 27
0 57
0 52
0 86
0 87
0 42
0 80
0 66
0 72
0 73
0 58
0 59
1 110 49
1 111 65
1 112 79
1 113 93
1 4 56
END_STATE
END_LABELED_STATE
BEGIN_LABELED_STATE
153
BEGIN_STATE
0 30
0 23
0 22
0 15
0 14
0 69
0 62
0 31
0 13
0 70
0 55
0 38
0 20
0 28
0 36
0 43
0 51
0 100
0 101
0 63
0 94
0 35
0 34
0 45
0 41
0 27
0 57
0 52
0 86
0 87
0 80
0 66
0 72
0 73
0 58
0 59
0 56
1 110 42
1 111 65
1 112 79
1 113 93
1 4 49
END_STATE
END_LABELED_STATE
BEGIN_LABELED_STATE
152
BEGIN_STATE
0 30
0 23
0 22
0 15
0 14
0 69
0 62
0 31
0 13
0 70
0 55
0 38
0 20
0 28
0 36
0 43
0 51
0 100
0 101
0 63
0 94
0 49
0 34
0 45
0 41
0 27
0 57
0 52
0 86
0 87
0 80
0 66
0 72
0 73
0 58
0 59
0 56
1 110 35
1 111 65
1 112 79
1 113 93
1 4 42
END_STATE
END_LABELED_STATE
BEGIN_LABELED_STATE
151
BEGIN_STATE
0 30
0 23
0 22
0 15
0 14
0 69
0 62
0 31
0 13
0 70
0 55
0 38
0 20
0 28
0 36
0 43
0 51
0 100
0 101
0 63
0 94
0 34
0 45
0 41
0 27
0 57
0 52
0 86
0 87
0 42
0 80
0 66
0 72
0 73
0 58
0 59
0 56
1 110 35
1 111 65
1 112 79
1 113 93
1 4 49
END_STATE
END_LABELED_STATE
BEGIN_LABELED_STATE
150
BEGIN_STATE
0 30
0 23
0 22
0 15
0 14
0 69
0 62
0 31
0 13
0 70
0 55
0 38
0 20
0 28
0 36
0 43
0 51
0 100
0 101
0 63
0 94
0 49
0 34
0 45
0 41
0 27
0 57
0 52
0 86
0 87
0 42
0 80
0 66
0 72
0 73
0 58
0 59
1 110 35
1 111 65
1 112 79
1 113 93
1 4 56
END_STATE
END_LABELED_STATE
BEGIN_LABELED_STATE
149
BEGIN_STATE
0 30
0 23
0 22
0 15
0 14
0 69
0 62
0 31
0 13
0 70
0 55
0 38
0 20
0 28
0 36
0 43
0 51
0 100
0 101
0 63
0 94
0 49
0 34
0 45
0 41
0 27
0 52
0 86
0 87
0 42
0 80
0 66
0 72
0 73
0 58
0 59
0 56
1 110 35
1 111 65
1 112 79
1 113 93
1 4 57
END_STATE
END_LABELED_STATE
BEGIN_LABELED_STATE
148
BEGIN_STATE
0 30
0 23
0 22
0 15
0 14
0 69
0 62
0 31
0 13
0 70
0 55
0 38
0 20
0 28
0 36
0 43
0 51
0 100
0 101
0 63
0 94
0 49
0 34
0 45
0 41
0 27
0 57
0 52
0 86
0 87
0 42
0 80
0 66
0 72
0 73
0 59
0 56
1 110 35
1 111 65
1 112 79
1 113 93
1 4 58
END_STATE
END_LABELED_STATE
BEGIN_LABELED_STATE
147
BEGIN_STATE
0 30
0 23
0 22
0 15
0 14
0 69
0 62
0 31
0 13
0 70
0 55
0 38
0 20
0 28
0 36
0 43
0 51
0 100
0 101
0 63
0 94
0 49
0 34
0 45
0 41
0 27
0 57
0 52
0 86
0 87
0 42
0 80
0 66
0 72
0 73
0 58
0 56
1 110 35
1 111 65
1 112 79
1 113 93
1 4 59
END_STATE
END_LABELED_STATE
BEGIN_LABELED_STATE
146
BEGIN_STATE
0 30
0 23
0 22
0 15
0 14
0 69
0 62
0 31
0 13
0 70
0 55
0 38
0 20
0 28
0 36
0 43
0 51
0 100
0 101
0 63
0 94
0 49
0 34
0 45
0 41
0 27
0 57
0 52
0 86
0 87
0 42
0 80
0 72
0 73
0 58
0 59
0 56
1 110 35
1 111 65
1 112 79
1 113 93
1 4 66
END_STATE
END_LABELED_STATE
BEGIN_LABELED_STATE
145
BEGIN_STATE
0 30
0 23
0 22
0 15
0 14
0 69
0 62
0 31
0 13
0 70
0 55
0 38
0 20
0 28
0 36
0 43
0 51
0 100
0 101
0 63
0 94
0 49
0 34
0 45
0 41
0 27
0 57
0 52
0 86
0 87
0 42
0 80
0 66
0 72
0 58
0 59
0 56
1 110 35
1 111 65
1 112 79
1 113 93
1 4 73
END_STATE
END_LABELED_STATE
BEGIN_LABELED_STATE
144
BEGIN_STATE
0 30
0 23
0 22
0 15
0 14
0 69
0 62
0 31
0 13
0 70
0 55
0 38
0 20
0 28
0 36
0 43
0 51
0 100
0 101
0 63
0 94
0 49
0 34
0 45
0 41
0 27
0 57
0 52
0 86
0 87
0 42
0 80
0 66
0 73
0 58
0 59
0 56
1 110 35
1 111 65
1 112 79
1 113 93
1 4 72
END_STATE
END_LABELED_STATE
BEGIN_LABELED_STATE
143
BEGIN_STATE
0 30
0 23
0 22
0 15
0 14
0 69
0 62
0 31
0 13
0 70
0 55
0 38
0 20
0 28
0 36
0 43
0 51
0 100
0 101
0 63
0 94
0 49
0 34
0 45
0 41
0 27
0 57
0 52
0 86
0 87
0 42
0 80
0 66
0 72
0 73
0 59
0 56
1 110 35
1 111 58
1 112 79
1 113 93
1 4 65
END_STATE
END_LABELED_STATE
BEGIN_LABELED_STATE
142
BEGIN_STATE
0 30
0 23
0 22
0 15
0 14
0 69
0 62
0 31
0 13
0 70
0 55
0 38
0 20
0 28
0 36
0 43
0 51
0 100
0 101
0 63
0 94
0 49
0 34
0 45
0 41
0 27
0 57
0 52
0 86
0 87
0 42
0 65
0 80
0 72
0 73
0 59
0 56
1 110 35
1 111 58
1 112 79
1 113 93
1 4 66
END_STATE
END_LABELED_STATE
BEGIN_LABELED_STATE
141
BEGIN_STATE
0 30
0 23
0 22
0 15
0 14
0 69
0 62
0 31
0 13
0 70
0 55
0 38
0 20
0 28
0 36
0 43
0 51
0 100
0 101
0 63
0 94
0 49
0 34
0 45
0 41
0 27
0 57
0 52
0 86
0 87
0 42
0 65
0 80
0 66
0 72
0 73
0 56
1 110 35
1 111 58
1 112 79
1 113 93
1 4 59
END_STATE
END_LABELED_STATE
BEGIN_LABELED_STATE
140
BEGIN_STATE
0 30
0 23
0 22
0 15
0 14
0 69
0 62
0 31
0 13
0 70
0 55
0 38
0 20
0 28
0 36
0 43
0 51
0 100
0 101
0 63
0 94
0 49
0 34
0 45
0 41
0 27
0 52
0 86
0 87
0 42
0 65
0 80
0 66
0 72
0 73
0 59
0 56
1 110 35
1 111 57
1 112 79
1 113 93
1 4 58
END_STATE
END_LABELED_STATE
BEGIN_LABELED_STATE
139
BEGIN_STATE
0 30
0 23
0 22
0 15
0 14
0 69
0 62
0 31
0 13
0 70
0 55
0 38
0 20
0 28
0 36
0 43
0 51
0 100
0 101
0 63
0 94
0 49
0 34
0 45
0 41
0 27
0 52
0 86
0 87
0 42
0 65
0 80
0 66
0 72
0 73
0 58
0 59
1 110 35
1 111 56
1 112 79
1 113 93
1 4 57
END_STATE
END_LABELED_STATE
BEGIN_LABELED_STATE
138
BEGIN_STATE
0 30
0 23
0 22
0 15
0 14
0 69
0 62
0 31
0 13
0 70
0 55
0 38
0 20
0 28
0 36
0 43
0 51
0 100
0 101
0 63
0 94
0 49
0 34
0 45
0 41
0 27
0 57
0 52
0 86
0 87
0 42
0 65
0 80
0 66
0 72
0 73
0 59
1 110 35
1 111 56
1 112 79
1 113 93
1 4 58
END_STATE
END_LABELED_STATE
BEGIN_LABELED_STATE
137
BEGIN_STATE
0 30
0 23
0 22
0 15
0 14
0 69
0 62
0 31
0 13
0 70
0 55
0 38
0 20
0 28
0 36
0 43
0 51
0 100
0 101
0 63
0 94
0 49
0 34
0 45
0 41
0 27
0 57
0 52
0 86
0 87
0 42
0 65
0 80
0 66
0 72
0 73
0 58
1 110 35
1 111 56
1 112 79
1 113 93
1 4 59
END_STATE
END_LABELED_STATE
BEGIN_LABELED_STATE
136
BEGIN_STATE
0 30
0 23
0 22
0 15
0 14
0 69
0 62
0 31
0 13
0 70
0 55
0 38
0 20
0 28
0 36
0 43
0 51
0 100
0 101
0 63
0 94
0 49
0 34
0 45
0 41
0 27
0 57
0 86
0 87
0 42
0 65
0 80
0 66
0 72
0 73
0 58
0 59
1 110 35
1 111 56
1 112 79
1 113 93
1 4 52
END_STATE
END_LABELED_STATE
BEGIN_LABELED_STATE
135
BEGIN_STATE
0 30
0 23
0 22
0 15
0 14
0 69
0 62
0 31
0 13
0 70
0 55
0 38
0 20
0 28
0 36
0 43
0 51
0 100
0 101
0 63
0 94
0 49
0 34
0 41
0 27
0 57
0 52
0 86
0 87
0 42
0 65
0 80
0 66
0 72
0 73
0 58
0 59
1 110 35
1 111 56
1 112 79
1 113 93
1 4 45
END_STATE
END_LABELED_STATE
BEGIN_LABELED_STATE
134
BEGIN_STATE
0 30
0 23
0 22
0 15
0 14
0 69
0 62
0 31
0 13
0 70
0 55
0 20
0 28
0 36
0 43
0 51
0 100
0 101
0 63
0 94
0 49
0 34
0 45
0 41
0 27
0 57
0 52
0 86
0 87
0 42
0 65
0 80
0 66
0 72
0 73
0 58
0 59
1 110 35
1 111 56
1 112 79
1 113 93
1 4 38
END_STATE
END_LABELED_STATE
BEGIN_LABELED_STATE
133
BEGIN_STATE
0 30
0 23
0 22
0 15
0 14
0 69
0 62
0 13
0 70
0 55
0 38
0 20
0 28
0 36
0 43
0 51
0 100
0 101
0 63
0 94
0 49
0 34
0 45
0 41
0 27
0 57
0 52
0 86
0 87
0 42
0 65
0 80
0 66
0 72
0 73
0 58
0 59
1 110 35
1 111 56
1 112 79
1 113 93
1 4 31
END_STATE
END_LABELED_STATE
BEGIN_LABELED_STATE
132
BEGIN_STATE
0 23
0 22
0 15
0 14
0 69
0 62
0 31
0 13
0 70
0 55
0 38
0 20
0 28
0 36
0 43
0 51
0 100
0 101
0 63
0 94
0 49
0 34
0 45
0 41
0 27
0 57
0 52
0 86
0 87
0 42
0 65
0 80
0 66
0 72
0 73
0 58
0 59
1 110 35
1 111 56
1 112 79
1 113 93
1 4 30
END_STATE
END_LABELED_STATE
BEGIN_LABELED_STATE
131
BEGIN_STATE
0 30
0 22
0 15
0 14
0 69
0 62
0 31
0 13
0 70
0 55
0 38
0 20
0 28
0 36
0 43
0 51
0 100
0 101
0 63
0 94
0 49
0 34
0 45
0 41
0 27
0 57
0 52
0 86
0 87
0 42
0 65
0 80
0 66
0 72
0 73
0 58
0 59
1 110 35
1 111 56
1 112 79
1 113 93
1 4 23
END_STATE
END_LABELED_STATE
BEGIN_LABELED_STATE
130
BEGIN_STATE
0 30
0 23
0 15
0 14
0 69
0 62
0 31
0 13
0 70
0 55
0 38
0 20
0 28
0 36
0 43
0 51
0 100
0 101
0 63
0 94
0 49
0 34
0 45
0 41
0 27
0 57
0 52
0 86
0 87
0 42
0 65
0 80
0 66
0 72
0 73
0 58
0 59
1 110 35
1 111 56
1 112 79
1 113 93
1 4 22
END_STATE
END_LABELED_STATE
BEGIN_LABELED_STATE
129
BEGIN_STATE
0 30
0 23
0 22
0 14
0 69
0 62
0 31
0 13
0 70
0 55
0 38
0 20
0 28
0 36
0 43
0 51
0 100
0 101
0 63
0 94
0 49
0 34
0 45
0 41
0 27
0 57
0 52
0 86
0 87
0 42
0 65
0 80
0 66
0 72
0 73
0 58
0 59
1 110 35
1 111 56
1 112 79
1 113 93
1 4 15
END_STATE
END_LABELED_STATE
BEGIN_LABELED_STATE
128
BEGIN_STATE
0 30
0 23
0 22
0 15
0 69
0 62
0 31
0 13
0 70
0 55
0 38
0 20
0 28
0 36
0 43
0 51
0 100
0 101
0 63
0 94
0 49
0 34
0 45
0 41
0 27
0 57
0 52
0 86
0 87
0 42
0 65
0 80
0 66
0 72
0 73
0 58
0 59
1 110 35
1 111 56
1 112 79
1 113 93
1 4 14
END_STATE
END_LABELED_STATE
BEGIN_LABELED_STATE
127
BEGIN_STATE
0 30
0 23
0 22
0 15
0 14
0 69
0 62
0 31
0 70
0 55
0 38
0 20
0 28
0 36
0 43
0 51
0 100
0 101
0 63
0 94
0 49
0 34
0 45
0 41
0 27
0 57
0 52
0 86
0 87
0 42
0 65
0 80
0 66
0 72
0 73
0 58
0 59
1 110 35
1 111 56
1 112 79
1 113 93
1 4 13
END_STATE
END_LABELED_STATE
BEGIN_LABELED_STATE
126
BEGIN_STATE
0 30
0 23
0 22
0 15
0 14
0 69
0 62
0 31
0 13
0 70
0 55
0 38
0 28
0 36
0 43
0 51
0 100
0 101
0 63
0 94
0 49
0 34
0 45
0 41
0 27
0 57
0 52
0 86
0 87
0 42
0 65
0 80
0 66
0 72
0 73
0 58
0 59
1 110 35
1 111 56
1 112 79
1 113 93
1 4 20
END_STATE
END_LABELED_STATE
BEGIN_LABELED_STATE
125
BEGIN_STATE
0 30
0 23
0 22
0 15
0 14
0 69
0 62
0 31
0 13
0 70
0 55
0 38
0 20
0 28
0 36
0 43
0 51
0 100
0 101
0 63
0 94
0 49
0 34
0 45
0 41
0 57
0 52
0 86
0 87
0 42
0 65
0 80
0 66
0 72
0 73
0 58
0 59
1 110 35
1 111 56
1 112 79
1 113 93
1 4 27
END_STATE
END_LABELED_STATE
BEGIN_LABELED_STATE
124
BEGIN_STATE
0 30
0 23
0 22
0 15
0 14
0 69
0 62
0 31
0 13
0 70
0 55
0 38
0 20
0 28
0 36
0 43
0 51
0 100
0 101
0 63
0 94
0 49
0 45
0 41
0 27
0 57
0 52
0 86
0 87
0 42
0 65
0 80
0 66
0 72
0 73
0 58
0 59
1 110 35
1 111 56
1 112 79
1 113 93
1 4 34
END_STATE
END_LABELED_STATE
BEGIN_LABELED_STATE
123
BEGIN_STATE
0 30
0 23
0 22
0 15
0 14
0 69
0 62
0 31
0 13
0 70
0 55
0 38
0 20
0 28
0 36
0 43
0 51
0 100
0 101
0 63
0 94
0 49
0 34
0 45
0 27
0 57
0 52
0 86
0 87
0 42
0 65
0 80
0 66
0 72
0 73
0 58
0 59
1 110 35
1 111 56
1 112 79
1 113 93
1 4 41
END_STATE
END_LABELED_STATE
BEGIN_LABELED_STATE
122
BEGIN_STATE
0 30
0 23
0 22
0 15
0 14
0 69
0 62
0 31
0 13
0 70
0 55
0 38
0 20
0 28
0 36
0 43
0 51
0 100
0 101
0 63
0 94
0 49
0 34
0 45
0 41
0 27
0 57
0 52
0 86
0 87
0 65
0 80
0 66
0 72
0 73
0 58
0 59
1 110 35
1 111 56
1 112 79
1 113 93
1 4 42
END_STATE
END_LABELED_STATE
BEGIN_LABELED_STATE
121
BEGIN_STATE
0 30
0 23
0 22
0 15
0 14
0 69
0 62
0 31
0 13
0 70
0 55
0 38
0 20
0 28
0 36
0 51
0 100
0 101
0 63
0 94
0 49
0 34
0 45
0 41
0 27
0 57
0 52
0 86
0 87
0 42
0 65
0 80
0 66
0 72
0 73
0 58
0 59
1 110 35
1 111 56
1 112 79
1 113 93
1 4 43
END_STATE
END_LABELED_STATE
BEGIN_LABELED_STATE
120
BEGIN_STATE
0 30
0 23
0 22
0 15
0 14
0 69
0 62
0 31
0 13
0 70
0 55
0 38
0 20
0 28
0 43
0 51
0 100
0 101
0 63
0 94
0 49
0 34
0 45
0 41
0 27
0 57
0 52
0 86
0 87
0 42
0 65
0 80
0 66
0 72
0 73
0 58
0 59
1 110 35
1 111 56
1 112 79
1 113 93
1 4 36
END_STATE
END_LABELED_STATE
BEGIN_LABELED_STATE
119
BEGIN_STATE
0 30
0 23
0 22
0 15
0 14
0 69
0 62
0 31
0 13
0 70
0 55
0 38
0 20
0 28
0 36
0 43
0 51
0 100
0 101
0 63
0 94
0 49
0 45
0 41
0 27
0 57
0 52
0 86
0 87
0 42
0 65
0 80
0 66
0 72
0 73
0 58
0 59
1 110 34
1 111 56
1 112 79
1 113 93
1 4 35
END_STATE
END_LABELED_STATE
BEGIN_LABELED_STATE
118
BEGIN_STATE
0 30
0 23
0 22
0 15
0 14
0 69
0 62
0 31
0 13
0 70
0 55
0 38
0 20
0 28
0 36
0 43
0 51
0 100
0 101
0 63
0 94
0 35
0 49
0 45
0 41
0 27
0 57
0 52
0 86
0 87
0 65
0 80
0 66
0 72
0 73
0 58
0 59
1 110 34
1 111 56
1 112 79
1 113 93
1 4 42
END_STATE
END_LABELED_STATE
BEGIN_LABELED_STATE
117
BEGIN_STATE
0 30
0 23
0 22
0 15
0 14
0 69
0 62
0 31
0 13
0 70
0 55
0 38
0 20
0 28
0 36
0 43
0 51
0 100
0 101
0 63
0 94
0 35
0 45
0 41
0 27
0 57
0 52
0 86
0 87
0 42
0 65
0 80
0 66
0 72
0 73
0 58
0 59
1 110 34
1 111 56
1 112 79
1 113 93
1 4 49
END_STATE
END_LABELED_STATE
BEGIN_LABELED_STATE
116
BEGIN_STATE
0 30
0 23
0 22
0 15
0 14
0 69
0 62
0 31
0 13
0 70
0 55
0 38
0 20
0 28
0 36
0 43
0 51
0 100
0 101
0 94
0 35
0 49
0 45
0 41
0 27
0 57
0 52
0 86
0 87
0 42
0 65
0 80
0 66
0 72
0 73
0 58
0 59
1 110 34
1 111 63
1 112 79
1 113 93
1 4 56
END_STATE
END_LABELED_STATE
BEGIN_LABELED_STATE
115
BEGIN_STATE
0 30
0 23
0 22
0 15
0 14
0 69
0 62
0 31
0 13
0 70
0 38
0 20
0 28
0 36
0 43
0 51
0 100
0 101
0 94
0 35
0 49
0 45
0 41
0 27
0 57
0 52
0 86
0 87
0 42
0 65
0 80
0 66
0 72
0 73
0 58
0 59
0 56
1 110 34
1 111 63
1 112 79
1 113 93
1 4 55
END_STATE
END_LABELED_STATE
BEGIN_LABELED_STATE
114
BEGIN_STATE
0 30
0 23
0 22
0 15
0 14
0 69
0 31
0 13
0 70
0 55
0 38
0 20
0 28
0 36
0 43
0 51
0 100
0 101
0 94
0 35
0 49
0 45
0 41
0 27
0 57
0 52
0 86
0 87
0 42
0 65
0 80
0 66
0 72
0 73
0 58
0 59
0 56
1 110 34
1 111 63
1 112 79
1 113 93
1 4 62
END_STATE
END_LABELED_STATE
BEGIN_LABELED_STATE
113
BEGIN_STATE
0 30
0 23
0 22
0 15
0 14
0 62
0 31
0 13
0 70
0 55
0 38
0 20
0 28
0 36
0 43
0 51
0 100
0 101
0 94
0 35
0 49
0 45
0 41
0 27
0 57
0 52
0 86
0 87
0 42
0 65
0 80
0 66
0 72
0 73
0 58
0 59
0 56
1 110 34
1 111 63
1 112 79
1 113 93
1 4 69
END_STATE
END_LABELED_STATE
BEGIN_LABELED_STATE
112
BEGIN_STATE
0 30
0 23
0 22
0 15
0 14
0 69
0 62
0 31
0 13
0 55
0 38
0 20
0 28
0 36
0 43
0 51
0 100
0 101
0 94
0 35
0 49
0 45
0 41
0 27
0 57
0 52
0 86
0 87
0 42
0 65
0 80
0 66
0 72
0 73
0 58
0 59
0 56
1 110 34
1 111 63
1 112 79
1 113 93
1 4 70
END_STATE
END_LABELED_STATE
BEGIN_LABELED_STATE
111
BEGIN_STATE
0 30
0 23
0 22
0 15
0 14
0 69
0 62
0 31
0 13
0 70
0 55
0 38
0 20
0 28
0 36
0 43
0 51
0 100
0 101
0 94
0 35
0 49
0 45
0 41
0 27
0 57
0 52
0 86
0 87
0 42
0 65
0 80
0 66
0 72
0 73
0 58
0 59
1 110 34
1 111 56
1 112 79
1 113 93
1 4 63
END_STATE
END_LABELED_STATE
BEGIN_LABELED_STATE
110
BEGIN_STATE
0 30
0 23
0 22
0 15
0 14
0 69
0 62
0 31
0 13
0 70
0 55
0 38
0 20
0 28
0 36
0 43
0 51
0 100
0 101
0 63
0 94
0 35
0 45
0 41
0 27
0 57
0 52
0 86
0 87
0 42
0 65
0 80
0 66
0 72
0 73
0 58
0 59
1 110 34
1 111 49
1 112 79
1 113 93
1 4 56
END_STATE
END_LABELED_STATE
BEGIN_LABELED_STATE
109
BEGIN_STATE
0 30
0 23
0 22
0 15
0 14
0 69
0 62
0 31
0 13
0 70
0 55
0 38
0 20
0 28
0 36
0 43
0 51
0 100
0 101
0 63
0 94
0 35
0 45
0 41
0 27
0 57
0 52
0 86
0 87
0 65
0 80
0 66
0 72
0 73
0 58
0 59
0 56
1 110 34
1 111 42
1 112 79
1 113 93
1 4 49
END_STATE
END_LABELED_STATE
BEGIN_LABELED_STATE
108
BEGIN_STATE
0 30
0 23
0 22
0 15
0 14
0 69
0 62
0 31
0 13
0 70
0 55
0 38
0 20
0 28
0 36
0 43
0 51
0 100
0 101
0 63
0 94
0 49
0 45
0 41
0 27
0 57
0 52
0 86
0 87
0 65
0 80
0 66
0 72
0 73
0 58
0 59
0 56
1 110 34
1 111 35
1 112 79
1 113 93
1 4 42
END_STATE
END_LABELED_STATE
BEGIN_LABELED_STATE
107
BEGIN_STATE
0 30
0 23
0 22
0 15
0 14
0 69
0 62
0 31
0 13
0 70
0 55
0 38
0 20
0 28
0 36
0 43
0 51
0 100
0 101
0 63
0 94
0 49
0 45
0 27
0 57
0 52
0 86
0 87
0 42
0 65
0 80
0 66
0 72
0 73
0 58
0 59
0 56
1 110 34
1 111 35
1 112 79
1 113 93
1 4 41
END_STATE
END_LABELED_STATE
BEGIN_LABELED_STATE
106
BEGIN_STATE
0 30
0 23
0 22
0 15
0 14
0 69
0 62
0 31
0 13
0 70
0 55
0 38
0 20
0 28
0 36
0 43
0 51
0 100
0 101
0 63
0 94
0 49
0 45
0 41
0 57
0 52
0 86
0 87
0 42
0 65
0 80
0 66
0 72
0 73
0 58
0 59
0 56
1 110 27
1 111 35
1 112 79
1 113 93
1 4 34
2 110
END_STATE
END_LABELED_STATE
BEGIN_LABELED_STATE
105
BEGIN_STATE
0 30
0 23
0 22
0 15
0 14
0 69
0 62
0 31
0 13
0 70
0 55
0 38
0 28
0 36
0 43
0 51
0 100
0 101
0 63
0 94
0 49
0 34
0 45
0 41
0 57
0 52
0 86
0 87
0 42
0 65
0 80
0 66
0 72
0 73
0 58
0 59
0 56
1 110 20
1 111 35
1 112 79
1 113 93
1 4 27
END_STATE
END_LABELED_STATE
BEGIN_LABELED_STATE
104
BEGIN_STATE
0 30
0 23
0 22
0 15
0 14
0 69
0 62
0 31
0 13
0 70
0 55
0 38
0 36
0 43
0 51
0 100
0 101
0 63
0 94
0 49
0 34
0 45
0 41
0 27
0 57
0 52
0 86
0 87
0 42
0 65
0 80
0 66
0 72
0 73
0 58
0 59
0 56
1 110 20
1 111 35
1 112 79
1 113 93
1 4 28
END_STATE
END_LABELED_STATE
BEGIN_LABELED_STATE
103
BEGIN_STATE
0 30
0 23
0 22
0 15
0 14
0 69
0 62
0 31
0 13
0 70
0 55
0 38
0 28
0 36
0 43
0 51
0 100
0 101
0 63
0 94
0 49
0 34
0 45
0 41
0 27
0 57
0 52
0 86
0 87
0 65
0 80
0 66
0 72
0 73
0 58
0 59
0 56
1 110 20
1 111 42
1 112 79
1 113 93
1 4 35
END_STATE
END_LABELED_STATE
BEGIN_LABELED_STATE
102
BEGIN_STATE
0 30
0 23
0 22
0 15
0 14
0 69
0 62
0 31
0 13
0 70
0 55
0 38
0 28
0 36
0 43
0 51
0 100
0 101
0 63
0 94
0 35
0 49
0 45
0 41
0 27
0 57
0 52
0 86
0 87
0 65
0 80
0 66
0 72
0 73
0 58
0 59
0 56
1 110 20
1 111 42
1 112 79
1 113 93
1 4 34
END_STATE
END_LABELED_STATE
BEGIN_LABELED_STATE
101
BEGIN_STATE
0 30
0 23
0 22
0 15
0 14
0 69
0 62
0 31
0 13
0 70
0 55
0 38
0 28
0 36
0 43
0 51
0 100
0 101
0 63
0 94
0 35
0 49
0 34
0 45
0 27
0 57
0 52
0 86
0 87
0 65
0 80
0 66
0 72
0 73
0 58
0 59
0 56
1 110 20
1 111 42
1 112 79
1 113 93
1 4 41
END_STATE
END_LABELED_STATE
BEGIN_LABELED_STATE
100
BEGIN_STATE
0 30
0 23
0 22
0 15
0 14
0 69
0 62
0 31
0 13
0 70
0 55
0 38
0 28
0 36
0 51
0 100
0 101
0 63
0 94
0 35
0 49
0 34
0 45
0 41
0 27
0 57
0 52
0 86
0 87
0 65
0 80
0 66
0 72
0 73
0 58
0 59
0 56
1 110 20
1 111 43
1 112 79
1 113 93
1 4 42
2 111
END_STATE
END_LABELED_STATE
BEGIN_LABELED_STATE
99
BEGIN_STATE
0 30
0 23
0 22
0 15
0 14
0 69
0 62
0 31
0 13
0 70
0 55
0 38
0 28
0 36
0 51
0 100
0 101
0 63
0 94
0 35
0 34
0 45
0 41
0 27
0 57
0 52
0 86
0 87
0 42
0 65
0 80
0 66
0 72
0 73
0 58
0 59
0 56
1 110 20
1 111 43
1 112 79
1 113 93
1 4 49
2 111
END_STATE
END_LABELED_STATE
BEGIN_LABELED_STATE
98
BEGIN_STATE
0 30
0 23
0 22
0 15
0 14
0 69
0 62
0 31
0 13
0 70
0 55
0 38
0 28
0 36
0 51
0 100
0 101
0 63
0 94
0 35
0 49
0 34
0 45
0 41
0 27
0 57
0 52
0 86
0 87
0 42
0 65
0 80
0 66
0 72
0 73
0 58
0 59
1 110 20
1 111 43
1 112 79
1 113 93
1 4 56
2 111
END_STATE
END_LABELED_STATE
BEGIN_LABELED_STATE
97
BEGIN_STATE
0 30
0 23
0 22
0 15
0 14
0 69
0 62
0 31
0 13
0 70
0 55
0 38
0 28
0 36
0 51
0 100
0 101
0 63
0 94
0 35
0 49
0 34
0 45
0 41
0 27
0 52
0 86
0 87
0 42
0 65
0 80
0 66
0 72
0 73
0 58
0 59
0 56
1 110 20
1 111 43
1 112 79
1 113 93
1 4 57
2 111
END_STATE
END_LABELED_STATE
BEGIN_LABELED_STATE
96
BEGIN_STATE
0 30
0 23
0 22
0 15
0 14
0 69
0 62
0 31
0 13
0 70
0 55
0 38
0 28
0 36
0 51
0 100
0 101
0 63
0 94
0 35
0 49
0 34
0 45
0 41
0 27
0 57
0 52
0 86
0 87
0 42
0 65
0 80
0 66
0 72
0 73
0 59
0 56
1 110 20
1 111 43
1 112 79
1 113 93
1 4 58
2 111
END_STATE
END_LABELED_STATE
BEGIN_LABELED_STATE
95
BEGIN_STATE
0 30
0 23
0 22
0 15
0 14
0 69
0 62
0 31
0 13
0 70
0 55
0 38
0 28
0 36
0 51
0 100
0 101
0 63
0 94
0 35
0 49
0 34
0 45
0 41
0 27
0 57
0 52
0 86
0 87
0 42
0 80
0 66
0 72
0 73
0 58
0 59
0 56
1 110 20
1 111 43
1 112 79
1 113 93
1 4 65
2 111
END_STATE
END_LABELED_STATE
BEGIN_LABELED_STATE
94
BEGIN_STATE
0 30
0 23
0 22
0 15
0 14
0 69
0 62
0 31
0 13
0 70
0 55
0 38
0 28
0 36
0 51
0 100
0 101
0 63
0 94
0 35
0 49
0 34
0 45
0 41
0 27
0 57
0 52
0 86
0 87
0 42
0 65
0 80
0 66
0 73
0 58
0 59
0 56
1 110 20
1 111 43
1 112 79
1 113 93
1 4 72
2 111
END_STATE
END_LABELED_STATE
BEGIN_LABELED_STATE
93
BEGIN_STATE
0 30
0 23
0 22
0 15
0 14
0 69
0 62
0 31
0 13
0 70
0 55
0 38
0 28
0 36
0 51
0 100
0 101
0 63
0 94
0 35
0 49
0 34
0 45
0 41
0 27
0 57
0 52
0 86
0 87
0 42
0 65
0 80
0 66
0 72
0 58
0 59
0 56
1 110 20
1 111 43
1 112 79
1 113 93
1 4 73
2 111
END_STATE
END_LABELED_STATE
BEGIN_LABELED_STATE
92
BEGIN_STATE
0 30
0 23
0 22
0 15
0 14
0 69
0 62
0 31
0 13
0 70
0 55
0 38
0 28
0 36
0 51
0 100
0 101
0 63
0 94
0 35
0 49
0 34
0 45
0 41
0 27
0 57
0 52
0 86
0 87
0 42
0 65
0 66
0 72
0 73
0 58
0 59
0 56
1 110 20
1 111 43
1 112 79
1 113 93
1 4 80
2 111
END_STATE
END_LABELED_STATE
BEGIN_LABELED_STATE
91
BEGIN_STATE
0 30
0 23
0 22
0 15
0 14
0 69
0 62
0 31
0 13
0 70
0 55
0 38
0 28
0 36
0 51
0 100
0 101
0 63
0 94
0 35
0 49
0 34
0 45
0 41
0 27
0 57
0 52
0 86
0 42
0 65
0 80
0 66
0 72
0 73
0 58
0 59
0 56
1 110 20
1 111 43
1 112 79
1 113 93
1 4 87
2 111
END_STATE
END_LABELED_STATE
BEGIN_LABELED_STATE
90
BEGIN_STATE
0 30
0 23
0 22
0 15
0 14
0 69
0 62
0 31
0 13
0 70
0 55
0 38
0 28
0 36
0 51
0 100
0 101
0 63
0 94
0 35
0 49
0 34
0 45
0 41
0 27
0 57
0 52
0 87
0 42
0 65
0 80
0 66
0 72
0 73
0 58
0 59
0 56
1 110 20
1 111 43
1 112 79
1 113 93
1 4 86
2 111
END_STATE
END_LABELED_STATE
BEGIN_LABELED_STATE
89
BEGIN_STATE
0 30
0 23
0 22
0 15
0 14
0 69
0 62
0 31
0 13
0 70
0 55
0 38
0 28
0 36
0 51
0 100
0 101
0 63
0 94
0 35
0 49
0 34
0 45
0 41
0 27
0 57
0 52
0 86
0 87
0 42
0 65
0 80
0 66
0 73
0 58
0 59
0 56
1 110 20
1 111 43
1 112 72
1 113 93
1 4 79
2 111
END_STATE
END_LABELED_STATE
BEGIN_LABELED_STATE
88
BEGIN_STATE
0 30
0 23
0 22
0 15
0 14
0 69
0 62
0 31
0 13
0 70
0 55
0 38
0 28
0 36
0 51
0 100
0 101
0 63
0 94
0 35
0 49
0 34
0 45
0 41
0 27
0 57
0 52
0 86
0 87
0 42
0 79
0 80
0 66
0 73
0 58
0 59
0 56
1 110 20
1 111 43
1 112 65
1 113 93
1 4 72
2 111
END_STATE
END_LABELED_STATE
BEGIN_LABELED_STATE
87
BEGIN_STATE
0 30
0 23
0 22
0 15
0 14
0 69
0 62
0 31
0 13
0 70
0 55
0 38
0 28
0 36
0 51
0 100
0 101
0 63
0 94
0 35
0 49
0 34
0 45
0 41
0 27
0 57
0 52
0 86
0 87
0 42
0 79
0 80
0 66
0 72
0 73
0 59
0 56
1 110 20
1 111 43
1 112 58
1 113 93
1 4 65
2 111
END_STATE
END_LABELED_STATE
BEGIN_LABELED_STATE
86
BEGIN_STATE
0 30
0 23
0 22
0 15
0 14
0 69
0 62
0 31
0 13
0 70
0 55
0 38
0 28
0 36
0 51
0 100
0 101
0 63
0 94
0 35
0 49
0 34
0 45
0 41
0 27
0 57
0 52
0 86
0 87
0 42
0 79
0 65
0 80
0 72
0 73
0 59
0 56
1 110 20
1 111 43
1 112 58
1 113 93
1 4 66
2 111
END_STATE
END_LABELED_STATE
BEGIN_LABELED_STATE
85
BEGIN_STATE
0 30
0 23
0 22
0 15
0 14
0 69
0 62
0 31
0 13
0 70
0 55
0 38
0 28
0 36
0 51
0 100
0 101
0 63
0 94
0 35
0 49
0 34
0 45
0 41
0 27
0 57
0 52
0 86
0 87
0 42
0 79
0 65
0 80
0 66
0 72
0 73
0 56
1 110 20
1 111 43
1 112 58
1 113 93
1 4 59
2 111
END_STATE
END_LABELED_STATE
BEGIN_LABELED_STATE
84
BEGIN_STATE
0 30
0 23
0 22
0 15
0 14
0 69
0 62
0 31
0 13
0 70
0 55
0 38
0 28
0 36
0 51
0 100
0 101
0 63
0 94
0 35
0 49
0 34
0 45
0 41
0 27
0 52
0 86
0 87
0 42
0 79
0 65
0 80
0 66
0 72
0 73
0 59
0 56
1 110 20
1 111 43
1 112 57
1 113 93
1 4 58
2 111
END_STATE
END_LABELED_STATE
BEGIN_LABELED_STATE
83
BEGIN_STATE
0 30
0 23
0 22
0 15
0 14
0 69
0 62
0 31
0 13
0 70
0 55
0 38
0 28
0 36
0 51
0 100
0 101
0 63
0 94
0 35
0 49
0 34
0 45
0 41
0 27
0 52
0 86
0 87
0 42
0 79
0 65
0 80
0 66
0 72
0 73
0 58
0 59
1 110 20
1 111 43
1 112 56
1 113 93
1 4 57
2 111
END_STATE
END_LABELED_STATE
BEGIN_LABELED_STATE
82
BEGIN_STATE
0 30
0 23
0 22
0 15
0 14
0 69
0 62
0 31
0 13
0 70
0 55
0 38
0 28
0 36
0 51
0 100
0 101
0 63
0 94
0 35
0 49
0 34
0 45
0 41
0 27
0 57
0 52
0 86
0 87
0 42
0 79
0 65
0 80
0 66
0 72
0 73
0 59
1 110 20
1 111 43
1 112 56
1 113 93
1 4 58
2 111
END_STATE
END_LABELED_STATE
BEGIN_LABELED_STATE
81
BEGIN_STATE
0 30
0 23
0 22
0 15
0 14
0 69
0 62
0 31
0 13
0 70
0 55
0 38
0 28
0 36
0 51
0 100
0 101
0 63
0 94
0 35
0 49
0 34
0 45
0 41
0 27
0 57
0 52
0 86
0 87
0 42
0 79
0 65
0 80
0 66
0 72
0 73
0 58
1 110 20
1 111 43
1 112 56
1 113 93
1 4 59
2 111
END_STATE
END_LABELED_STATE
BEGIN_LABELED_STATE
80
BEGIN_STATE
0 30
0 23
0 22
0 15
0 14
0 69
0 62
0 31
0 13
0 70
0 55
0 38
0 28
0 36
0 51
0 100
0 101
0 63
0 94
0 35
0 49
0 34
0 45
0 41
0 27
0 57
0 86
0 87
0 42
0 79
0 65
0 80
0 66
0 72
0 73
0 58
0 59
1 110 20
1 111 43
1 112 56
1 113 93
1 4 52
2 111
END_STATE
END_LABELED_STATE
BEGIN_LABELED_STATE
79
BEGIN_STATE
0 30
0 23
0 22
0 15
0 14
0 69
0 62
0 31
0 13
0 70
0 55
0 38
0 28
0 36
0 51
0 100
0 101
0 63
0 94
0 35
0 49
0 34
0 41
0 27
0 57
0 52
0 86
0 87
0 42
0 79
0 65
0 80
0 66
0 72
0 73
0 58
0 59
1 110 20
1 111 43
1 112 56
1 113 93
1 4 45
2 111
END_STATE
END_LABELED_STATE
BEGIN_LABELED_STATE
78
BEGIN_STATE
0 30
0 23
0 22
0 15
0 14
0 69
0 62
0 31
0 13
0 70
0 55
0 28
0 36
0 51
0 100
0 101
0 63
0 94
0 35
0 49
0 34
0 45
0 41
0 27
0 57
0 52
0 86
0 87
0 42
0 79
0 65
0 80
0 66
0 72
0 73
0 58
0 59
1 110 20
1 111 43
1 112 56
1 113 93
1 4 38
2 111
END_STATE
END_LABELED_STATE
BEGIN_LABELED_STATE
77
BEGIN_STATE
0 30
0 23
0 22
0 15
0 14
0 69
0 62
0 13
0 70
0 55
0 38
0 28
0 36
0 51
0 100
0 101
0 63
0 94
0 35
0 49
0 34
0 45
0 41
0 27
0 57
0 52
0 86
0 87
0 42
0 79
0 65
0 80
0 66
0 72
0 73
0 58
0 59
1 110 20
1 111 43
1 112 56
1 113 93
1 4 31
2 111
END_STATE
END_LABELED_STATE
BEGIN_LABELED_STATE
76
BEGIN_STATE
0 23
0 22
0 15
0 14
0 69
0 62
0 31
0 13
0 70
0 55
0 38
0 28
0 36
0 51
0 100
0 101
0 63
0 94
0 35
0 49
0 34
0 45
0 41
0 27
0 57
0 52
0 86
0 87
0 42
0 79
0 65
0 80
0 66
0 72
0 73
0 58
0 59
1 110 20
1 111 43
1 112 56
1 113 93
1 4 30
2 111
END_STATE
END_LABELED_STATE
BEGIN_LABELED_STATE
75
BEGIN_STATE
0 30
0 22
0 15
0 14
0 69
0 62
0 31
0 13
0 70
0 55
0 38
0 28
0 36
0 51
0 100
0 101
0 63
0 94
0 35
0 49
0 34
0 45
0 41
0 27
0 57
0 52
0 86
0 87
0 42
0 79
0 65
0 80
0 66
0 72
0 73
0 58
0 59
1 110 20
1 111 43
1 112 56
1 113 93
1 4 23
2 111
END_STATE
END_LABELED_STATE
BEGIN_LABELED_STATE
74
BEGIN_STATE
0 30
0 23
0 15
0 14
0 69
0 62
0 31
0 13
0 70
0 55
0 38
0 28
0 36
0 51
0 100
0 101
0 63
0 94
0 35
0 49
0 34
0 45
0 41
0 27
0 57
0 52
0 86
0 87
0 42
0 79
0 65
0 80
0 66
0 72
0 73
0 58
0 59
1 110 20
1 111 43
1 112 56
1 113 93
1 4 22
2 111
END_STATE
END_LABELED_STATE
BEGIN_LABELED_STATE
73
BEGIN_STATE
0 30
0 23
0 22
0 14
0 69
0 62
0 31
0 13
0 70
0 55
0 38
0 28
0 36
0 51
0 100
0 101
0 63
0 94
0 35
0 49
0 34
0 45
0 41
0 27
0 57
0 52
0 86
0 87
0 42
0 79
0 65
0 80
0 66
0 72
0 73
0 58
0 59
1 110 20
1 111 43
1 112 56
1 113 93
1 4 15
2 111
END_STATE
END_LABELED_STATE
BEGIN_LABELED_STATE
72
BEGIN_STATE
0 30
0 23
0 22
0 15
0 69
0 62
0 31
0 13
0 70
0 55
0 38
0 28
0 36
0 51
0 100
0 101
0 63
0 94
0 35
0 49
0 34
0 45
0 41
0 27
0 57
0 52
0 86
0 87
0 42
0 79
0 65
0 80
0 66
0 72
0 73
0 58
0 59
1 110 20
1 111 43
1 112 56
1 113 93
1 4 14
2 111
END_STATE
END_LABELED_STATE
BEGIN_LABELED_STATE
71
BEGIN_STATE
0 30
0 23
0 22
0 15
0 14
0 69
0 62
0 31
0 70
0 55
0 38
0 28
0 36
0 51
0 100
0 101
0 63
0 94
0 35
0 49
0 34
0 45
0 41
0 27
0 57
0 52
0 86
0 87
0 42
0 79
0 65
0 80
0 66
0 72
0 73
0 58
0 59
1 110 20
1 111 43
1 112 56
1 113 93
1 4 13
2 111
END_STATE
END_LABELED_STATE
BEGIN_LABELED_STATE
70
BEGIN_STATE
0 30
0 23
0 22
0 15
0 14
0 69
0 62
0 31
0 13
0 70
0 55
0 38
0 28
0 36
0 51
0 100
0 101
0 63
0 94
0 35
0 49
0 34
0 45
0 41
0 57
0 52
0 86
0 87
0 42
0 79
0 65
0 80
0 66
0 72
0 73
0 58
0 59
1 110 27
1 111 43
1 112 56
1 113 93
1 4 20
2 111
2 110
END_STATE
END_LABELED_STATE
BEGIN_LABELED_STATE
69
BEGIN_STATE
0 30
0 23
0 22
0 15
0 14
0 69
0 62
0 31
0 13
0 70
0 55
0 38
0 20
0 28
0 36
0 51
0 100
0 101
0 63
0 94
0 35
0 49
0 45
0 41
0 57
0 52
0 86
0 87
0 42
0 79
0 65
0 80
0 66
0 72
0 73
0 58
0 59
1 110 34
1 111 43
1 112 56
1 113 93
1 4 27
2 111
END_STATE
END_LABELED_STATE
BEGIN_LABELED_STATE
68
BEGIN_STATE
0 30
0 23
0 22
0 15
0 14
0 69
0 62
0 31
0 13
0 70
0 55
0 38
0 20
0 36
0 51
0 100
0 101
0 63
0 94
0 35
0 49
0 45
0 41
0 27
0 57
0 52
0 86
0 87
0 42
0 79
0 65
0 80
0 66
0 72
0 73
0 58
0 59
1 110 34
1 111 43
1 112 56
1 113 93
1 4 28
2 111
END_STATE
END_LABELED_STATE
BEGIN_LABELED_STATE
67
BEGIN_STATE
0 30
0 23
0 22
0 15
0 14
0 69
0 62
0 31
0 13
0 70
0 55
0 38
0 20
0 28
0 36
0 51
0 100
0 101
0 63
0 94
0 49
0 45
0 41
0 27
0 57
0 52
0 86
0 87
0 42
0 79
0 65
0 80
0 66
0 72
0 73
0 58
0 59
1 110 34
1 111 43
1 112 56
1 113 93
1 4 35
2 111
END_STATE
END_LABELED_STATE
BEGIN_LABELED_STATE
66
BEGIN_STATE
0 30
0 23
0 22
0 15
0 14
0 69
0 62
0 31
0 13
0 70
0 55
0 38
0 20
0 28
0 36
0 51
0 100
0 101
0 63
0 94
0 35
0 49
0 45
0 41
0 27
0 57
0 52
0 86
0 87
0 79
0 65
0 80
0 66
0 72
0 73
0 58
0 59
1 110 34
1 111 43
1 112 56
1 113 93
1 4 42
2 111
END_STATE
END_LABELED_STATE
BEGIN_LABELED_STATE
65
BEGIN_STATE
0 30
0 23
0 22
0 15
0 14
0 69
0 62
0 31
0 13
0 70
0 55
0 38
0 20
0 28
0 36
0 51
0 100
0 101
0 63
0 94
0 35
0 45
0 41
0 27
0 57
0 52
0 86
0 87
0 42
0 79
0 65
0 80
0 66
0 72
0 73
0 58
0 59
1 110 34
1 111 43
1 112 56
1 113 93
1 4 49
2 111
END_STATE
END_LABELED_STATE
BEGIN_LABELED_STATE
64
BEGIN_STATE
0 30
0 23
0 22
0 15
0 14
0 69
0 62
0 31
0 13
0 70
0 55
0 38
0 20
0 28
0 36
0 51
0 100
0 101
0 94
0 35
0 49
0 45
0 41
0 27
0 57
0 52
0 86
0 87
0 42
0 79
0 65
0 80
0 66
0 72
0 73
0 58
0 59
1 110 34
1 111 43
1 112 63
1 113 93
1 4 56
2 111
END_STATE
END_LABELED_STATE
BEGIN_LABELED_STATE
63
BEGIN_STATE
0 30
0 23
0 22
0 15
0 14
0 69
0 62
0 31
0 13
0 70
0 38
0 20
0 28
0 36
0 51
0 100
0 101
0 94
0 35
0 49
0 45
0 41
0 27
0 57
0 52
0 86
0 87
0 42
0 79
0 65
0 80
0 66
0 72
0 73
0 58
0 59
0 56
1 110 34
1 111 43
1 112 63
1 113 93
1 4 55
2 111
END_STATE
END_LABELED_STATE
BEGIN_LABELED_STATE
62
BEGIN_STATE
0 30
0 23
0 22
0 15
0 14
0 69
0 31
0 13
0 70
0 55
0 38
0 20
0 28
0 36
0 51
0 100
0 101
0 94
0 35
0 49
0 45
0 41
0 27
0 57
0 52
0 86
0 87
0 42
0 79
0 65
0 80
0 66
0 72
0 73
0 58
0 59
0 56
1 110 34
1 111 43
1 112 63
1 113 93
1 4 62
2 111
END_STATE
END_LABELED_STATE
BEGIN_LABELED_STATE
61
BEGIN_STATE
0 30
0 23
0 22
0 15
0 14
0 62
0 31
0 13
0 70
0 55
0 38
0 20
0 28
0 36
0 51
0 100
0 101
0 94
0 35
0 49
0 45
0 41
0 27
0 57
0 52
0 86
0 87
0 42
0 79
0 65
0 80
0 66
0 72
0 73
0 58
0 59
0 56
1 110 34
1 111 43
1 112 63
1 113 93
1 4 69
2 111
END_STATE
END_LABELED_STATE
BEGIN_LABELED_STATE
60
BEGIN_STATE
0 30
0 23
0 22
0 15
0 14
0 69
0 62
0 31
0 13
0 55
0 38
0 20
0 28
0 36
0 51
0 100
0 101
0 94
0 35
0 49
0 45
0 41
0 27
0 57
0 52
0 86
0 87
0 42
0 79
0 65
0 80
0 66
0 72
0 73
0 58
0 59
0 56
1 110 34
1 111 43
1 112 63
1 113 93
1 4 70
2 111
END_STATE
END_LABELED_STATE
BEGIN_LABELED_STATE
59
BEGIN_STATE
0 30
0 23
0 22
0 15
0 14
0 69
0 62
0 31
0 13
0 70
0 55
0 38
0 20
0 28
0 36
0 51
0 100
0 101
0 94
0 35
0 49
0 45
0 41
0 27
0 57
0 52
0 86
0 87
0 42
0 79
0 65
0 80
0 66
0 72
0 73
0 58
0 59
1 110 34
1 111 43
1 112 56
1 113 93
1 4 63
2 111
END_STATE
END_LABELED_STATE
BEGIN_LABELED_STATE
58
BEGIN_STATE
0 30
0 23
0 22
0 15
0 14
0 69
0 62
0 31
0 13
0 70
0 55
0 38
0 20
0 28
0 36
0 51
0 100
0 101
0 63
0 94
0 35
0 45
0 41
0 27
0 57
0 52
0 86
0 87
0 42
0 79
0 65
0 80
0 66
0 72
0 73
0 58
0 59
1 110 34
1 111 43
1 112 49
1 113 93
1 4 56
2 111
END_STATE
END_LABELED_STATE
BEGIN_LABELED_STATE
57
BEGIN_STATE
0 30
0 23
0 22
0 15
0 14
0 69
0 62
0 31
0 13
0 70
0 55
0 38
0 20
0 28
0 36
0 51
0 100
0 101
0 63
0 94
0 35
0 45
0 41
0 27
0 57
0 52
0 86
0 87
0 79
0 65
0 80
0 66
0 72
0 73
0 58
0 59
0 56
1 110 34
1 111 43
1 112 42
1 113 93
1 4 49
2 111
END_STATE
END_LABELED_STATE
BEGIN_LABELED_STATE
56
BEGIN_STATE
0 30
0 23
0 22
0 15
0 14
0 69
0 62
0 31
0 13
0 70
0 55
0 38
0 20
0 28
0 36
0 51
0 100
0 101
0 63
0 94
0 49
0 45
0 41
0 27
0 57
0 52
0 86
0 87
0 79
0 65
0 80
0 66
0 72
0 73
0 58
0 59
0 56
1 110 34
1 111 43
1 112 35
1 113 93
1 4 42
2 111
END_STATE
END_LABELED_STATE
BEGIN_LABELED_STATE
55
BEGIN_STATE
0 30
0 23
0 22
0 15
0 14
0 69
0 62
0 31
0 13
0 70
0 55
0 38
0 20
0 28
0 36
0 51
0 100
0 101
0 63
0 94
0 49
0 45
0 27
0 57
0 52
0 86
0 87
0 42
0 79
0 65
0 80
0 66
0 72
0 73
0 58
0 59
0 56
1 110 34
1 111 43
1 112 35
1 113 93
1 4 41
2 111
END_STATE
END_LABELED_STATE
BEGIN_LABELED_STATE
54
BEGIN_STATE
0 30
0 23
0 22
0 15
0 14
0 69
0 62
0 31
0 13
0 70
0 55
0 38
0 20
0 28
0 36
0 51
0 100
0 101
0 63
0 94
0 49
0 45
0 41
0 57
0 52
0 86
0 87
0 42
0 79
0 65
0 80
0 66
0 72
0 73
0 58
0 59
0 56
1 110 27
1 111 43
1 112 35
1 113 93
1 4 34
2 111
2 110
END_STATE
END_LABELED_STATE
BEGIN_LABELED_STATE
53
BEGIN_STATE
0 30
0 23
0 22
0 15
0 14
0 69
0 62
0 31
0 13
0 70
0 55
0 38
0 20
0 28
0 51
0 100
0 101
0 63
0 94
0 49
0 34
0 45
0 41
0 57
0 52
0 86
0 87
0 42
0 79
0 65
0 80
0 66
0 72
0 73
0 58
0 59
0 56
1 110 27
1 111 43
1 112 36
1 113 93
1 4 35
2 112
2 111
2 110
END_STATE
END_LABELED_STATE
BEGIN_LABELED_STATE
52
BEGIN_STATE
0 30
0 23
0 22
0 15
0 14
0 69
0 62
0 31
0 13
0 70
0 55
0 38
0 20
0 28
0 51
0 100
0 101
0 63
0 94
0 35
0 49
0 34
0 45
0 41
0 57
0 52
0 86
0 87
0 79
0 65
0 80
0 66
0 72
0 73
0 58
0 59
0 56
1 110 27
1 111 43
1 112 36
1 113 93
1 4 42
2 112
2 111
2 110
END_STATE
END_LABELED_STATE
BEGIN_LABELED_STATE
51
BEGIN_STATE
0 30
0 23
0 22
0 15
0 14
0 69
0 62
0 31
0 13
0 70
0 55
0 38
0 20
0 28
0 51
0 100
0 101
0 63
0 94
0 35
0 34
0 45
0 41
0 57
0 52
0 86
0 87
0 42
0 79
0 65
0 80
0 66
0 72
0 73
0 58
0 59
0 56
1 110 27
1 111 43
1 112 36
1 113 93
1 4 49
2 112
2 111
2 110
END_STATE
END_LABELED_STATE
BEGIN_LABELED_STATE
50
BEGIN_STATE
0 30
0 23
0 22
0 15
0 14
0 69
0 62
0 31
0 13
0 70
0 55
0 38
0 20
0 28
0 51
0 100
0 101
0 63
0 94
0 35
0 49
0 34
0 45
0 41
0 57
0 52
0 86
0 87
0 42
0 79
0 65
0 80
0 66
0 72
0 73
0 58
0 59
1 110 27
1 111 43
1 112 36
1 113 93
1 4 56
2 112
2 111
2 110
END_STATE
END_LABELED_STATE
BEGIN_LABELED_STATE
49
BEGIN_STATE
0 30
0 23
0 22
0 15
0 14
0 69
0 62
0 31
0 13
0 70
0 55
0 38
0 20
0 28
0 51
0 100
0 101
0 63
0 94
0 35
0 49
0 34
0 45
0 41
0 52
0 86
0 87
0 42
0 79
0 65
0 80
0 66
0 72
0 73
0 58
0 59
0 56
1 110 27
1 111 43
1 112 36
1 113 93
1 4 57
2 112
2 111
2 110
END_STATE
END_LABELED_STATE
BEGIN_LABELED_STATE
48
BEGIN_STATE
0 30
0 23
0 22
0 15
0 14
0 69
0 62
0 31
0 13
0 70
0 55
0 38
0 20
0 28
0 51
0 100
0 101
0 63
0 94
0 35
0 49
0 34
0 45
0 41
0 57
0 52
0 86
0 87
0 42
0 79
0 65
0 80
0 66
0 72
0 73
0 59
0 56
1 110 27
1 111 43
1 112 36
1 113 93
1 4 58
2 112
2 111
2 110
END_STATE
END_LABELED_STATE
BEGIN_LABELED_STATE
47
BEGIN_STATE
0 30
0 23
0 22
0 15
0 14
0 69
0 62
0 31
0 13
0 70
0 55
0 38
0 20
0 28
0 51
0 100
0 101
0 63
0 94
0 35
0 49
0 34
0 45
0 41
0 57
0 52
0 86
0 87
0 42
0 79
0 80
0 66
0 72
0 73
0 58
0 59
0 56
1 110 27
1 111 43
1 112 36
1 113 93
1 4 65
2 112
2 111
2 110
END_STATE
END_LABELED_STATE
BEGIN_LABELED_STATE
46
BEGIN_STATE
0 30
0 23
0 22
0 15
0 14
0 69
0 62
0 31
0 13
0 70
0 55
0 38
0 20
0 28
0 51
0 100
0 101
0 63
0 94
0 35
0 49
0 34
0 45
0 41
0 57
0 52
0 86
0 87
0 42
0 79
0 65
0 80
0 66
0 73
0 58
0 59
0 56
1 110 27
1 111 43
1 112 36
1 113 93
1 4 72
2 112
2 111
2 110
END_STATE
END_LABELED_STATE
BEGIN_LABELED_STATE
45
BEGIN_STATE
0 30
0 23
0 22
0 15
0 14
0 69
0 62
0 31
0 13
0 70
0 55
0 38
0 20
0 28
0 51
0 100
0 101
0 63
0 94
0 35
0 49
0 34
0 45
0 41
0 57
0 52
0 86
0 87
0 42
0 65
0 80
0 66
0 72
0 73
0 58
0 59
0 56
1 110 27
1 111 43
1 112 36
1 113 93
1 4 79
2 112
2 111
2 110
END_STATE
END_LABELED_STATE
BEGIN_LABELED_STATE
44
BEGIN_STATE
0 30
0 23
0 22
0 15
0 14
0 69
0 62
0 31
0 13
0 70
0 55
0 38
0 20
0 28
0 51
0 100
0 101
0 63
0 94
0 35
0 49
0 34
0 45
0 41
0 57
0 52
0 87
0 42
0 79
0 65
0 80
0 66
0 72
0 73
0 58
0 59
0 56
1 110 27
1 111 43
1 112 36
1 113 93
1 4 86
2 112
2 111
2 110
END_STATE
END_LABELED_STATE
BEGIN_LABELED_STATE
43
BEGIN_STATE
0 30
0 23
0 22
0 15
0 14
0 69
0 62
0 31
0 13
0 70
0 55
0 38
0 20
0 28
0 51
0 100
0 101
0 63
0 94
0 35
0 49
0 34
0 45
0 41
0 57
0 52
0 86
0 42
0 79
0 65
0 80
0 66
0 72
0 73
0 58
0 59
0 56
1 110 27
1 111 43
1 112 36
1 113 93
1 4 87
2 112
2 111
2 110
END_STATE
END_LABELED_STATE
BEGIN_LABELED_STATE
42
BEGIN_STATE
0 30
0 23
0 22
0 15
0 14
0 69
0 62
0 31
0 13
0 70
0 55
0 38
0 20
0 28
0 51
0 100
0 101
0 63
0 35
0 49
0 34
0 45
0 41
0 57
0 52
0 86
0 87
0 42
0 79
0 65
0 80
0 66
0 72
0 73
0 58
0 59
0 56
1 110 27
1 111 43
1 112 36
1 113 93
1 4 94
2 112
2 111
2 110
END_STATE
END_LABELED_STATE
BEGIN_LABELED_STATE
41
BEGIN_STATE
0 30
0 23
0 22
0 15
0 14
0 69
0 62
0 31
0 13
0 70
0 55
0 38
0 20
0 28
0 51
0 100
0 63
0 94
0 35
0 49
0 34
0 45
0 41
0 57
0 52
0 86
0 87
0 42
0 79
0 65
0 80
0 66
0 72
0 73
0 58
0 59
0 56
1 110 27
1 111 43
1 112 36
1 113 93
1 4 101
2 112
2 111
2 110
END_STATE
END_LABELED_STATE
BEGIN_LABELED_STATE
40
BEGIN_STATE
0 30
0 23
0 22
0 15
0 14
0 69
0 62
0 31
0 13
0 70
0 55
0 38
0 20
0 28
0 51
0 101
0 63
0 94
0 35
0 49
0 34
0 45
0 41
0 57
0 52
0 86
0 87
0 42
0 79
0 65
0 80
0 66
0 72
0 73
0 58
0 59
0 56
1 110 27
1 111 43
1 112 36
1 113 93
1 4 100
2 112
2 111
2 110
END_STATE
END_LABELED_STATE
BEGIN_LABELED_STATE
39
BEGIN_STATE
0 30
0 23
0 22
0 15
0 14
0 69
0 62
0 31
0 13
0 70
0 55
0 38
0 20
0 28
0 51
0 100
0 101
0 63
0 94
0 35
0 49
0 34
0 45
0 41
0 57
0 52
0 87
0 42
0 79
0 65
0 80
0 66
0 72
0 73
0 58
0 59
0 56
1 110 27
1 111 43
1 112 36
1 113 86
1 4 93
2 112
2 111
2 110
END_STATE
END_LABELED_STATE
BEGIN_LABELED_STATE
38
BEGIN_STATE
0 30
0 23
0 22
0 15
0 14
0 69
0 62
0 31
0 13
0 70
0 55
0 38
0 20
0 28
0 51
0 100
0 101
0 63
0 93
0 94
0 35
0 49
0 34
0 45
0 41
0 57
0 52
0 87
0 42
0 65
0 80
0 66
0 72
0 73
0 58
0 59
0 56
1 110 27
1 111 43
1 112 36
1 113 79
1 4 86
2 112
2 111
2 110
END_STATE
END_LABELED_STATE
BEGIN_LABELED_STATE
37
BEGIN_STATE
0 30
0 23
0 22
0 15
0 14
0 69
0 62
0 31
0 13
0 70
0 55
0 38
0 20
0 28
0 51
0 100
0 101
0 63
0 93
0 94
0 35
0 49
0 34
0 45
0 41
0 57
0 52
0 86
0 87
0 42
0 65
0 80
0 66
0 73
0 58
0 59
0 56
1 110 27
1 111 43
1 112 36
1 113 72
1 4 79
2 112
2 111
2 110
END_STATE
END_LABELED_STATE
BEGIN_LABELED_STATE
36
BEGIN_STATE
0 30
0 23
0 22
0 15
0 14
0 69
0 62
0 31
0 13
0 70
0 55
0 38
0 20
0 28
0 51
0 100
0 101
0 63
0 93
0 94
0 35
0 49
0 34
0 45
0 41
0 57
0 52
0 86
0 87
0 42
0 79
0 80
0 66
0 73
0 58
0 59
0 56
1 110 27
1 111 43
1 112 36
1 113 65
1 4 72
2 112
2 111
2 110
END_STATE
END_LABELED_STATE
BEGIN_LABELED_STATE
35
BEGIN_STATE
0 30
0 23
0 22
0 15
0 14
0 69
0 62
0 31
0 13
0 70
0 55
0 38
0 20
0 28
0 51
0 100
0 101
0 63
0 93
0 94
0 35
0 49
0 34
0 45
0 41
0 57
0 52
0 86
0 87
0 42
0 79
0 80
0 66
0 72
0 73
0 59
0 56
1 110 27
1 111 43
1 112 36
1 113 58
1 4 65
2 112
2 111
2 110
END_STATE
END_LABELED_STATE
BEGIN_LABELED_STATE
34
BEGIN_STATE
0 30
0 23
0 22
0 15
0 14
0 69
0 62
0 31
0 13
0 70
0 55
0 38
0 20
0 28
0 51
0 100
0 101
0 63
0 93
0 94
0 35
0 49
0 34
0 45
0 41
0 57
0 52
0 86
0 87
0 42
0 79
0 65
0 80
0 72
0 73
0 59
0 56
1 110 27
1 111 43
1 112 36
1 113 58
1 4 66
2 112
2 111
2 110
END_STATE
END_LABELED_STATE
BEGIN_LABELED_STATE
33
BEGIN_STATE
0 30
0 23
0 22
0 15
0 14
0 69
0 62
0 31
0 13
0 70
0 55
0 38
0 20
0 28
0 51
0 100
0 101
0 63
0 93
0 94
0 35
0 49
0 34
0 45
0 41
0 57
0 52
0 86
0 87
0 42
0 79
0 65
0 80
0 66
0 72
0 73
0 56
1 110 27
1 111 43
1 112 36
1 113 58
1 4 59
2 112
2 111
2 110
END_STATE
END_LABELED_STATE
BEGIN_LABELED_STATE
32
BEGIN_STATE
0 30
0 23
0 22
0 15
0 14
0 69
0 62
0 31
0 13
0 70
0 55
0 38
0 20
0 28
0 51
0 100
0 101
0 63
0 93
0 94
0 35
0 49
0 34
0 45
0 41
0 52
0 86
0 87
0 42
0 79
0 65
0 80
0 66
0 72
0 73
0 59
0 56
1 110 27
1 111 43
1 112 36
1 113 57
1 4 58
2 112
2 111
2 110
END_STATE
END_LABELED_STATE
BEGIN_LABELED_STATE
31
BEGIN_STATE
0 30
0 23
0 22
0 15
0 14
0 69
0 62
0 31
0 13
0 70
0 55
0 38
0 20
0 28
0 51
0 100
0 101
0 63
0 93
0 94
0 35
0 49
0 34
0 45
0 41
0 52
0 86
0 87
0 42
0 79
0 65
0 80
0 66
0 72
0 73
0 58
0 59
1 110 27
1 111 43
1 112 36
1 113 56
1 4 57
2 112
2 111
2 110
END_STATE
END_LABELED_STATE
BEGIN_LABELED_STATE
30
BEGIN_STATE
0 30
0 23
0 22
0 15
0 14
0 69
0 62
0 31
0 13
0 70
0 55
0 38
0 20
0 28
0 51
0 100
0 101
0 63
0 93
0 94
0 35
0 49
0 34
0 45
0 41
0 57
0 52
0 86
0 87
0 42
0 79
0 65
0 80
0 66
0 72
0 73
0 59
1 110 27
1 111 43
1 112 36
1 113 56
1 4 58
2 112
2 111
2 110
END_STATE
END_LABELED_STATE
BEGIN_LABELED_STATE
29
BEGIN_STATE
0 30
0 23
0 22
0 15
0 14
0 69
0 62
0 31
0 13
0 70
0 55
0 38
0 20
0 28
0 100
0 101
0 63
0 93
0 94
0 35
0 49
0 34
0 45
0 41
0 57
0 52
0 86
0 87
0 42
0 79
0 65
0 80
0 66
0 72
0 73
0 58
0 59
1 110 27
1 111 43
1 112 36
1 113 56
1 4 51
2 112
2 111
2 110
END_STATE
END_LABELED_STATE
BEGIN_LABELED_STATE
28
BEGIN_STATE
0 30
0 23
0 22
0 15
0 14
0 69
0 62
0 31
0 13
0 70
0 55
0 38
0 20
0 28
0 51
0 100
0 101
0 63
0 93
0 94
0 35
0 49
0 34
0 45
0 41
0 57
0 86
0 87
0 42
0 79
0 65
0 80
0 66
0 72
0 73
0 58
0 59
1 110 27
1 111 43
1 112 36
1 113 56
1 4 52
2 112
2 111
2 110
END_STATE
END_LABELED_STATE
BEGIN_LABELED_STATE
27
BEGIN_STATE
0 30
0 23
0 22
0 15
0 14
0 69
0 62
0 31
0 13
0 70
0 55
0 38
0 20
0 28
0 51
0 100
0 101
0 63
0 93
0 94
0 35
0 49
0 34
0 41
0 57
0 52
0 86
0 87
0 42
0 79
0 65
0 80
0 66
0 72
0 73
0 58
0 59
1 110 27
1 111 43
1 112 36
1 113 56
1 4 45
2 112
2 111
2 110
END_STATE
END_LABELED_STATE
BEGIN_LABELED_STATE
26
BEGIN_STATE
0 30
0 23
0 22
0 15
0 14
0 69
0 62
0 31
0 13
0 70
0 55
0 20
0 28
0 51
0 100
0 101
0 63
0 93
0 94
0 35
0 49
0 34
0 45
0 41
0 57
0 52
0 86
0 87
0 42
0 79
0 65
0 80
0 66
0 72
0 73
0 58
0 59
1 110 27
1 111 43
1 112 36
1 113 56
1 4 38
2 112
2 111
2 110
END_STATE
END_LABELED_STATE
BEGIN_LABELED_STATE
25
BEGIN_STATE
0 30
0 23
0 22
0 15
0 14
0 69
0 62
0 13
0 70
0 55
0 38
0 20
0 28
0 51
0 100
0 101
0 63
0 93
0 94
0 35
0 49
0 34
0 45
0 41
0 57
0 52
0 86
0 87
0 42
0 79
0 65
0 80
0 66
0 72
0 73
0 58
0 59
1 110 27
1 111 43
1 112 36
1 113 56
1 4 31
2 112
2 111
2 110
END_STATE
END_LABELED_STATE
BEGIN_LABELED_STATE
24
BEGIN_STATE
0 23
0 22
0 15
0 14
0 69
0 62
0 31
0 13
0 70
0 55
0 38
0 20
0 28
0 51
0 100
0 101
0 63
0 93
0 94
0 35
0 49
0 34
0 45
0 41
0 57
0 52
0 86
0 87
0 42
0 79
0 65
0 80
0 66
0 72
0 73
0 58
0 59
1 110 27
1 111 43
1 112 36
1 113 56
1 4 30
2 112
2 111
2 110
END_STATE
END_LABELED_STATE
BEGIN_LABELED_STATE
23
BEGIN_STATE
0 30
0 22
0 15
0 14
0 69
0 62
0 31
0 13
0 70
0 55
0 38
0 20
0 28
0 51
0 100
0 101
0 63
0 93
0 94
0 35
0 49
0 34
0 45
0 41
0 57
0 52
0 86
0 87
0 42
0 79
0 65
0 80
0 66
0 72
0 73
0 58
0 59
1 110 27
1 111 43
1 112 36
1 113 56
1 4 23
2 112
2 111
2 110
END_STATE
END_LABELED_STATE
BEGIN_LABELED_STATE
22
BEGIN_STATE
0 30
0 23
0 15
0 14
0 69
0 62
0 31
0 13
0 70
0 55
0 38
0 20
0 28
0 51
0 100
0 101
0 63
0 93
0 94
0 35
0 49
0 34
0 45
0 41
0 57
0 52
0 86
0 87
0 42
0 79
0 65
0 80
0 66
0 72
0 73
0 58
0 59
1 110 27
1 111 43
1 112 36
1 113 56
1 4 22
2 112
2 111
2 110
END_STATE
END_LABELED_STATE
BEGIN_LABELED_STATE
21
BEGIN_STATE
0 30
0 23
0 22
0 14
0 69
0 62
0 31
0 13
0 70
0 55
0 38
0 20
0 28
0 51
0 100
0 101
0 63
0 93
0 94
0 35
0 49
0 34
0 45
0 41
0 57
0 52
0 86
0 87
0 42
0 79
0 65
0 80
0 66
0 72
0 73
0 58
0 59
1 110 27
1 111 43
1 112 36
1 113 56
1 4 15
2 112
2 111
2 110
END_STATE
END_LABELED_STATE
BEGIN_LABELED_STATE
20
BEGIN_STATE
0 30
0 23
0 22
0 15
0 69
0 62
0 31
0 13
0 70
0 55
0 38
0 20
0 28
0 51
0 100
0 101
0 63
0 93
0 94
0 35
0 49
0 34
0 45
0 41
0 57
0 52
0 86
0 87
0 42
0 79
0 65
0 80
0 66
0 72
0 73
0 58
0 59
1 110 27
1 111 43
1 112 36
1 113 56
1 4 14
2 112
2 111
2 110
END_STATE
END_LABELED_STATE
BEGIN_LABELED_STATE
19
BEGIN_STATE
0 30
0 23
0 22
0 15
0 14
0 69
0 62
0 31
0 70
0 55
0 38
0 20
0 28
0 51
0 100
0 101
0 63
0 93
0 94
0 35
0 49
0 34
0 45
0 41
0 57
0 52
0 86
0 87
0 42
0 79
0 65
0 80
0 66
0 72
0 73
0 58
0 59
1 110 27
1 111 43
1 112 36
1 113 56
1 4 13
2 112
2 111
2 110
END_STATE
END_LABELED_STATE
BEGIN_LABELED_STATE
18
BEGIN_STATE
0 30
0 23
0 22
0 15
0 14
0 69
0 62
0 31
0 13
0 70
0 55
0 38
0 28
0 51
0 100
0 101
0 63
0 93
0 94
0 35
0 49
0 34
0 45
0 41
0 57
0 52
0 86
0 87
0 42
0 79
0 65
0 80
0 66
0 72
0 73
0 58
0 59
1 110 27
1 111 43
1 112 36
1 113 56
1 4 20
2 112
2 111
2 110
END_STATE
END_LABELED_STATE
BEGIN_LABELED_STATE
17
BEGIN_STATE
0 30
0 23
0 22
0 15
0 14
0 69
0 62
0 31
0 13
0 70
0 55
0 38
0 20
0 28
0 51
0 100
0 101
0 63
0 93
0 94
0 35
0 49
0 45
0 41
0 57
0 52
0 86
0 87
0 42
0 79
0 65
0 80
0 66
0 72
0 73
0 58
0 59
1 110 34
1 111 43
1 112 36
1 113 56
1 4 27
2 112
2 111
END_STATE
END_LABELED_STATE
BEGIN_LABELED_STATE
16
BEGIN_STATE
0 30
0 23
0 22
0 15
0 14
0 69
0 62
0 31
0 13
0 70
0 55
0 38
0 20
0 51
0 100
0 101
0 63
0 93
0 94
0 35
0 49
0 45
0 41
0 27
0 57
0 52
0 86
0 87
0 42
0 79
0 65
0 80
0 66
0 72
0 73
0 58
0 59
1 110 34
1 111 43
1 112 36
1 113 56
1 4 28
2 112
2 111
END_STATE
END_LABELED_STATE
BEGIN_LABELED_STATE
15
BEGIN_STATE
0 30
0 23
0 22
0 15
0 14
0 69
0 62
0 31
0 13
0 70
0 55
0 38
0 20
0 28
0 51
0 100
0 101
0 63
0 93
0 94
0 49
0 45
0 41
0 27
0 57
0 52
0 86
0 87
0 42
0 79
0 65
0 80
0 66
0 72
0 73
0 58
0 59
1 110 34
1 111 43
1 112 36
1 113 56
1 4 35
2 112
2 111
END_STATE
END_LABELED_STATE
BEGIN_LABELED_STATE
14
BEGIN_STATE
0 30
0 23
0 22
0 15
0 14
0 69
0 62
0 31
0 13
0 70
0 55
0 38
0 20
0 28
0 51
0 100
0 101
0 63
0 93
0 94
0 35
0 49
0 45
0 41
0 27
0 57
0 52
0 86
0 87
0 79
0 65
0 80
0 66
0 72
0 73
0 58
0 59
1 110 34
1 111 43
1 112 36
1 113 56
1 4 42
2 112
2 111
END_STATE
END_LABELED_STATE
BEGIN_LABELED_STATE
13
BEGIN_STATE
0 30
0 23
0 22
0 15
0 14
0 69
0 62
0 31
0 13
0 70
0 55
0 38
0 20
0 28
0 51
0 100
0 101
0 63
0 93
0 94
0 35
0 45
0 41
0 27
0 57
0 52
0 86
0 87
0 42
0 79
0 65
0 80
0 66
0 72
0 73
0 58
0 59
1 110 34
1 111 43
1 112 36
1 113 56
1 4 49
2 112
2 111
END_STATE
END_LABELED_STATE
BEGIN_LABELED_STATE
12
BEGIN_STATE
0 30
0 23
0 22
0 15
0 14
0 69
0 62
0 31
0 13
0 70
0 55
0 38
0 20
0 28
0 51
0 100
0 101
0 93
0 94
0 35
0 49
0 45
0 41
0 27
0 57
0 52
0 86
0 87
0 42
0 79
0 65
0 80
0 66
0 72
0 73
0 58
0 59
1 110 34
1 111 43
1 112 36
1 113 63
1 4 56
2 112
2 111
END_STATE
END_LABELED_STATE
BEGIN_LABELED_STATE
11
BEGIN_STATE
0 30
0 23
0 22
0 15
0 14
0 69
0 62
0 31
0 13
0 70
0 38
0 20
0 28
0 51
0 100
0 101
0 93
0 94
0 35
0 49
0 45
0 41
0 27
0 57
0 52
0 86
0 87
0 42
0 79
0 65
0 80
0 66
0 72
0 73
0 58
0 59
0 56
1 110 34
1 111 43
1 112 36
1 113 63
1 4 55
2 112
2 111
END_STATE
END_LABELED_STATE
BEGIN_LABELED_STATE
10
BEGIN_STATE
0 30
0 23
0 22
0 15
0 14
0 69
0 31
0 13
0 70
0 55
0 38
0 20
0 28
0 51
0 100
0 101
0 93
0 94
0 35
0 49
0 45
0 41
0 27
0 57
0 52
0 86
0 87
0 42
0 79
0 65
0 80
0 66
0 72
0 73
0 58
0 59
0 56
1 110 34
1 111 43
1 112 36
1 113 63
1 4 62
2 112
2 111
END_STATE
END_LABELED_STATE
BEGIN_LABELED_STATE
9
BEGIN_STATE
0 30
0 23
0 22
0 15
0 14
0 62
0 31
0 13
0 70
0 55
0 38
0 20
0 28
0 51
0 100
0 101
0 93
0 94
0 35
0 49
0 45
0 41
0 27
0 57
0 52
0 86
0 87
0 42
0 79
0 65
0 80
0 66
0 72
0 73
0 58
0 59
0 56
1 110 34
1 111 43
1 112 36
1 113 63
1 4 69
2 112
2 111
END_STATE
END_LABELED_STATE
BEGIN_LABELED_STATE
8
BEGIN_STATE
0 30
0 23
0 22
0 15
0 14
0 69
0 62
0 31
0 13
0 55
0 38
0 20
0 28
0 51
0 100
0 101
0 93
0 94
0 35
0 49
0 45
0 41
0 27
0 57
0 52
0 86
0 87
0 42
0 79
0 65
0 80
0 66
0 72
0 73
0 58
0 59
0 56
1 110 34
1 111 43
1 112 36
1 113 63
1 4 70
2 112
2 111
END_STATE
END_LABELED_STATE
BEGIN_LABELED_STATE
7
BEGIN_STATE
0 30
0 23
0 22
0 15
0 14
0 69
0 62
0 31
0 13
0 70
0 55
0 38
0 20
0 28
0 51
0 100
0 101
0 93
0 94
0 35
0 49
0 45
0 41
0 27
0 57
0 52
0 86
0 87
0 42
0 79
0 65
0 80
0 66
0 72
0 73
0 58
0 59
1 110 34
1 111 43
1 112 36
1 113 56
1 4 63
2 112
2 111
END_STATE
END_LABELED_STATE
BEGIN_LABELED_STATE
6
BEGIN_STATE
0 30
0 23
0 22
0 15
0 14
0 69
0 62
0 31
0 13
0 70
0 55
0 38
0 20
0 28
0 51
0 100
0 101
0 63
0 93
0 94
0 35
0 45
0 41
0 27
0 57
0 52
0 86
0 87
0 42
0 79
0 65
0 80
0 66
0 72
0 73
0 58
0 59
1 110 34
1 111 43
1 112 36
1 113 49
1 4 56
2 112
2 111
END_STATE
END_LABELED_STATE
BEGIN_LABELED_STATE
5
BEGIN_STATE
0 30
0 23
0 22
0 15
0 14
0 69
0 62
0 31
0 13
0 70
0 55
0 38
0 20
0 28
0 51
0 100
0 101
0 63
0 93
0 94
0 35
0 45
0 41
0 27
0 57
0 52
0 86
0 87
0 79
0 65
0 80
0 66
0 72
0 73
0 58
0 59
0 56
1 110 34
1 111 43
1 112 36
1 113 42
1 4 49
2 112
2 111
END_STATE
END_LABELED_STATE
BEGIN_LABELED_STATE
4
BEGIN_STATE
0 30
0 23
0 22
0 15
0 14
0 69
0 62
0 31
0 13
0 70
0 55
0 38
0 20
0 28
0 51
0 100
0 101
0 63
0 93
0 94
0 49
0 45
0 41
0 27
0 57
0 52
0 86
0 87
0 79
0 65
0 80
0 66
0 72
0 73
0 58
0 59
0 56
1 110 34
1 111 43
1 112 36
1 113 35
1 4 42
2 112
2 111
END_STATE
END_LABELED_STATE
BEGIN_LABELED_STATE
3
BEGIN_STATE
0 30
0 23
0 22
0 15
0 14
0 69
0 62
0 31
0 13
0 70
0 55
0 38
0 20
0 51
0 100
0 101
0 63
0 93
0 94
0 49
0 45
0 41
0 27
0 57
0 52
0 86
0 87
0 42
0 79
0 65
0 80
0 66
0 72
0 73
0 58
0 59
0 56
1 110 34
1 111 43
1 112 36
1 113 28
1 4 35
2 113
2 112
2 111
END_STATE
END_LABELED_STATE
BEGIN_LABELED_STATE
2
BEGIN_STATE
0 30
0 23
0 22
0 15
0 14
0 69
0 62
0 31
0 13
0 70
0 55
0 38
0 20
0 51
0 100
0 101
0 63
0 93
0 94
0 35
0 49
0 45
0 41
0 27
0 57
0 52
0 86
0 87
0 79
0 65
0 80
0 66
0 72
0 73
0 58
0 59
0 56
1 110 34
1 111 43
1 112 36
1 113 28
1 4 42
2 113
2 112
2 111
END_STATE
END_LABELED_STATE
BEGIN_LABELED_STATE
1
BEGIN_STATE
0 30
0 23
0 22
0 15
0 14
0 69
0 62
0 31
0 13
0 70
0 55
0 38
0 20
0 51
0 100
0 101
0 63
0 93
0 94
0 35
0 49
0 45
0 27
0 57
0 52
0 86
0 87
0 42
0 79
0 65
0 80
0 66
0 72
0 73
0 58
0 59
0 56
1 110 34
1 111 43
1 112 36
1 113 28
1 4 41
2 113
2 112
2 111
END_STATE
END_LABELED_STATE
BEGIN_LABELED_STATE
0
BEGIN_STATE
0 30
0 23
0 22
0 15
0 14
0 69
0 62
0 31
0 13
0 70
0 55
0 38
0 20
0 51
0 100
0 101
0 63
0 93
0 94
0 35
0 49
0 45
0 41
0 57
0 52
0 86
0 87
0 42
0 79
0 65
0 80
0 66
0 72
0 73
0 58
0 59
0 56
1 110 27
1 111 43
1 112 36
1 113 28
1 4 34
2 113
2 112
2 111
2 110
END_STATE
END_LABELED_STATE
END_STATE_LIST
