BEGIN_TYPES
0 -1 object
1 0 thing
2 0 location
3 0 direction
4 1 player
5 1 stone
END_TYPES
BEGIN_OBJECTS
0 3 dir-down
1 3 dir-left
2 3 dir-right
3 3 dir-up
4 4 player-01
5 2 pos-1-1
6 2 pos-1-2
7 2 pos-1-3
8 2 pos-1-4
9 2 pos-1-5
10 2 pos-1-6
11 2 pos-1-7
12 2 pos-1-8
13 2 pos-2-1
14 2 pos-2-2
15 2 pos-2-3
16 2 pos-2-4
17 2 pos-2-5
18 2 pos-2-6
19 2 pos-2-7
20 2 pos-2-8
21 2 pos-3-1
22 2 pos-3-2
23 2 pos-3-3
24 2 pos-3-4
25 2 pos-3-5
26 2 pos-3-6
27 2 pos-3-7
28 2 pos-3-8
29 2 pos-4-1
30 2 pos-4-2
31 2 pos-4-3
32 2 pos-4-4
33 2 pos-4-5
34 2 pos-4-6
35 2 pos-4-7
36 2 pos-4-8
37 2 pos-5-1
38 2 pos-5-2
39 2 pos-5-3
40 2 pos-5-4
41 2 pos-5-5
42 2 pos-5-6
43 2 pos-5-7
44 2 pos-5-8
45 2 pos-6-1
46 2 pos-6-2
47 2 pos-6-3
48 2 pos-6-4
49 2 pos-6-5
50 2 pos-6-6
51 2 pos-6-7
52 2 pos-6-8
53 2 pos-7-1
54 2 pos-7-2
55 2 pos-7-3
56 2 pos-7-4
57 2 pos-7-5
58 2 pos-7-6
59 2 pos-7-7
60 2 pos-7-8
61 2 pos-8-1
62 2 pos-8-2
63 2 pos-8-3
64 2 pos-8-4
65 2 pos-8-5
66 2 pos-8-6
67 2 pos-8-7
68 2 pos-8-8
69 5 stone-01
70 5 stone-02
71 5 stone-03
72 5 stone-04
73 5 stone-05
74 5 stone-06
75 5 stone-07
76 5 stone-08
77 5 stone-09
78 5 stone-10
79 5 stone-11
END_OBJECTS
BEGIN_PREDICATES
0 2 clear
1 1 2 at
2 5 at-goal
3 2 is-goal
4 2 is-nongoal
5 2 2 3 move-dir
END_PREDICATES
BEGIN_GOAL
2 69
2 70
2 71
2 72
2 73
2 74
2 75
2 76
2 77
2 78
2 79
END_GOAL
BEGIN_ACTIONS
END_ACTIONS
BEGIN_STATIC_FACTS
5 15 14 3
5 57 58 0
5 47 39 1
4 44
5 25 26 0
5 23 22 3
5 39 47 2
5 24 16 1
5 50 42 1
5 18 17 3
3 49
5 50 49 3
5 49 41 1
4 46
5 42 50 2
5 30 38 2
5 17 16 3
4 62
5 22 23 0
5 33 25 1
5 48 49 0
4 5
4 33
4 45
3 26
5 15 16 0
5 55 47 1
4 65
5 16 15 3
5 30 31 0
4 54
5 25 24 3
5 22 30 2
4 12
5 55 54 3
4 10
5 27 35 2
5 51 50 3
4 13
5 18 26 2
5 40 48 2
5 34 35 0
5 42 34 1
4 21
4 36
4 66
5 23 24 0
5 33 32 3
5 56 57 0
4 16
5 50 51 0
4 9
4 61
5 16 17 0
5 43 42 3
5 39 40 0
4 19
5 50 58 2
5 39 38 3
5 48 56 2
5 31 30 3
4 20
5 22 14 1
5 55 56 0
4 11
5 41 40 3
3 34
5 27 26 3
5 30 22 1
4 59
4 28
5 58 57 3
5 41 42 0
4 57
5 14 15 0
5 15 23 2
4 56
5 26 18 1
5 27 19 1
5 25 17 1
5 56 55 3
4 68
5 35 34 3
3 50
5 17 25 2
5 49 48 3
5 24 32 2
4 40
4 14
4 63
5 34 26 1
5 59 58 3
5 32 40 2
4 60
4 53
5 31 39 2
4 27
3 48
5 16 24 2
5 58 59 0
5 35 43 2
5 39 31 1
4 52
5 38 30 1
5 14 22 2
5 43 35 1
3 24
5 19 18 3
5 59 51 1
4 29
5 26 27 0
4 41
5 41 49 2
4 37
5 23 15 1
5 24 23 3
3 42
4 7
5 40 32 1
3 25
5 48 40 1
5 38 46 2
4 8
5 57 49 1
5 24 25 0
5 34 33 3
5 49 50 0
5 42 43 0
3 39
5 46 38 1
4 23
5 47 46 3
5 51 43 1
4 18
4 55
5 38 39 0
5 17 18 0
5 46 47 0
5 26 34 2
5 41 33 1
5 46 54 2
5 47 55 2
4 64
5 31 23 1
5 42 41 3
4 32
4 43
5 54 46 1
5 40 39 3
4 51
5 32 24 1
5 33 41 2
5 47 48 0
5 43 51 2
5 31 32 0
5 57 56 3
4 30
5 32 33 0
5 54 55 0
5 56 48 1
5 19 27 2
3 47
5 35 27 1
5 33 34 0
5 48 47 3
5 40 41 0
4 58
5 58 50 1
5 34 42 2
4 17
4 15
4 67
5 18 19 0
5 23 31 2
5 25 33 2
4 35
4 22
5 51 59 2
5 49 57 2
4 38
4 6
5 26 25 3
3 31
5 32 31 3
END_STATIC_FACTS
BEGIN_STATE_LIST
BEGIN_LABELED_STATE
38
BEGIN_STATE
0 14
0 19
0 54
0 15
0 22
0 18
0 27
0 46
0 55
0 51
0 58
0 50
0 16
0 17
0 30
0 38
1 69 23
0 35
0 43
1 70 31
0 56
0 57
1 71 39
1 72 47
1 73 24
1 74 48
1 75 25
1 76 49
1 77 26
1 78 34
0 32
0 33
1 79 42
1 4 59
0 40
0 41
2 79
2 78
2 77
2 76
2 75
2 74
2 73
2 72
2 71
2 70
END_STATE
END_LABELED_STATE
BEGIN_LABELED_STATE
37
BEGIN_STATE
0 14
0 19
0 54
0 59
0 15
0 22
0 18
0 27
0 46
0 55
0 58
0 50
0 16
0 17
0 30
0 38
1 69 23
0 35
0 43
1 70 31
0 56
0 57
1 71 39
1 72 47
1 73 24
1 74 48
1 75 25
1 76 49
1 77 26
1 78 34
0 32
0 33
1 79 42
1 4 51
0 40
0 41
2 79
2 78
2 77
2 76
2 75
2 74
2 73
2 72
2 71
2 70
END_STATE
END_LABELED_STATE
BEGIN_LABELED_STATE
36
BEGIN_STATE
0 14
0 19
0 54
0 59
0 15
0 22
0 18
0 27
0 46
0 55
0 51
0 58
0 50
0 16
0 17
0 30
0 38
1 69 23
0 35
1 70 31
0 56
0 57
1 71 39
1 72 47
1 73 24
1 74 48
1 75 25
1 76 49
1 77 26
1 78 34
0 32
0 33
1 79 42
1 4 43
0 40
0 41
2 79
2 78
2 77
2 76
2 75
2 74
2 73
2 72
2 71
2 70
END_STATE
END_LABELED_STATE
BEGIN_LABELED_STATE
35
BEGIN_STATE
0 14
0 19
0 54
0 59
0 15
0 22
0 18
0 27
0 46
0 55
0 51
0 58
0 50
0 16
0 17
0 30
0 38
1 69 23
0 43
1 70 31
0 56
0 57
1 71 39
1 72 47
1 73 24
1 74 48
1 75 25
1 76 49
1 77 26
1 78 34
0 32
0 33
1 79 42
1 4 35
0 40
0 41
2 79
2 78
2 77
2 76
2 75
2 74
2 73
2 72
2 71
2 70
END_STATE
END_LABELED_STATE
BEGIN_LABELED_STATE
34
BEGIN_STATE
0 14
0 19
0 54
0 59
0 15
0 22
0 18
0 27
0 46
0 55
0 51
0 58
0 50
0 16
0 17
0 30
0 38
1 69 23
0 35
0 43
1 70 31
0 56
0 57
1 71 39
1 72 47
1 73 24
1 74 48
1 75 25
1 76 49
1 77 26
1 78 33
0 32
1 79 42
1 4 34
0 40
0 41
2 79
2 77
2 76
2 75
2 74
2 73
2 72
2 71
2 70
END_STATE
END_LABELED_STATE
BEGIN_LABELED_STATE
33
BEGIN_STATE
0 14
0 19
0 54
0 59
0 15
0 22
0 18
0 27
0 46
0 55
0 51
0 58
0 16
0 17
0 30
0 38
1 69 23
0 35
0 43
1 70 31
0 56
0 57
1 71 39
1 72 47
1 73 24
0 34
1 74 48
1 75 25
1 76 49
1 77 26
1 78 33
0 32
1 79 50
1 4 42
0 40
0 41
2 79
2 77
2 76
2 75
2 74
2 73
2 72
2 71
2 70
END_STATE
END_LABELED_STATE
BEGIN_LABELED_STATE
32
BEGIN_STATE
0 14
0 19
0 54
0 59
0 15
0 22
0 18
0 27
0 46
0 55
0 51
0 58
0 16
0 17
0 30
0 38
1 69 23
0 35
1 70 31
0 56
0 57
1 71 39
1 72 47
1 73 24
0 34
1 74 48
0 42
1 75 25
1 76 49
1 77 26
1 78 33
0 32
1 79 50
1 4 43
0 40
0 41
2 79
2 77
2 76
2 75
2 74
2 73
2 72
2 71
2 70
END_STATE
END_LABELED_STATE
BEGIN_LABELED_STATE
31
BEGIN_STATE
0 14
0 19
0 54
0 59
0 15
0 22
0 18
0 27
0 46
0 55
0 58
0 16
0 17
0 30
0 38
1 69 23
0 35
0 43
1 70 31
0 56
0 57
1 71 39
1 72 47
1 73 24
0 34
1 74 48
0 42
1 75 25
1 76 49
1 77 26
1 78 33
0 32
1 79 50
1 4 51
0 40
0 41
2 79
2 77
2 76
2 75
2 74
2 73
2 72
2 71
2 70
END_STATE
END_LABELED_STATE
BEGIN_LABELED_STATE
30
BEGIN_STATE
0 14
0 19
0 54
0 15
0 22
0 18
0 27
0 46
0 55
0 51
0 58
0 16
0 17
0 30
0 38
1 69 23
0 35
0 43
1 70 31
0 56
0 57
1 71 39
1 72 47
1 73 24
0 34
1 74 48
0 42
1 75 25
1 76 49
1 77 26
1 78 33
0 32
1 79 50
1 4 59
0 40
0 41
2 79
2 77
2 76
2 75
2 74
2 73
2 72
2 71
2 70
END_STATE
END_LABELED_STATE
BEGIN_LABELED_STATE
29
BEGIN_STATE
0 14
0 19
0 54
0 59
0 15
0 22
0 18
0 27
0 46
0 55
0 51
0 16
0 17
0 30
0 38
1 69 23
0 35
0 43
1 70 31
0 56
0 57
1 71 39
1 72 47
1 73 24
0 34
1 74 48
0 42
1 75 25
1 76 49
1 77 26
1 78 33
0 32
1 79 50
1 4 58
0 40
0 41
2 79
2 77
2 76
2 75
2 74
2 73
2 72
2 71
2 70
END_STATE
END_LABELED_STATE
BEGIN_LABELED_STATE
28
BEGIN_STATE
0 14
0 19
0 54
0 59
0 15
0 22
0 18
0 27
0 46
0 55
0 51
0 58
0 16
0 17
0 30
0 38
1 69 23
0 35
0 43
1 70 31
0 56
1 71 39
1 72 47
1 73 24
0 34
1 74 48
0 42
1 75 25
1 76 49
1 77 26
1 78 33
0 32
1 79 50
1 4 57
0 40
0 41
2 79
2 77
2 76
2 75
2 74
2 73
2 72
2 71
2 70
END_STATE
END_LABELED_STATE
BEGIN_LABELED_STATE
27
BEGIN_STATE
0 14
0 19
0 54
0 59
0 15
0 22
0 18
0 27
0 46
0 55
0 51
0 58
0 16
0 17
0 30
0 38
1 69 23
0 35
0 43
1 70 31
0 57
1 71 39
1 72 47
1 73 24
0 34
1 74 48
0 42
1 75 25
1 76 49
1 77 26
1 78 33
0 32
1 79 50
1 4 56
0 40
0 41
2 79
2 77
2 76
2 75
2 74
2 73
2 72
2 71
2 70
END_STATE
END_LABELED_STATE
BEGIN_LABELED_STATE
26
BEGIN_STATE
0 14
0 19
0 54
0 59
0 15
0 22
0 18
0 27
0 46
0 51
0 58
0 16
0 17
0 30
0 38
1 69 23
0 35
0 43
1 70 31
0 56
0 57
1 71 39
1 72 47
1 73 24
0 34
1 74 48
0 42
1 75 25
1 76 49
1 77 26
1 78 33
0 32
1 79 50
1 4 55
0 40
0 41
2 79
2 77
2 76
2 75
2 74
2 73
2 72
2 71
2 70
END_STATE
END_LABELED_STATE
BEGIN_LABELED_STATE
25
BEGIN_STATE
0 14
0 19
0 59
0 15
0 22
0 18
0 27
0 46
0 55
0 51
0 58
0 16
0 17
0 30
0 38
1 69 23
0 35
0 43
1 70 31
0 56
0 57
1 71 39
1 72 47
1 73 24
0 34
1 74 48
0 42
1 75 25
1 76 49
1 77 26
1 78 33
0 32
1 79 50
1 4 54
0 40
0 41
2 79
2 77
2 76
2 75
2 74
2 73
2 72
2 71
2 70
END_STATE
END_LABELED_STATE
BEGIN_LABELED_STATE
24
BEGIN_STATE
0 14
0 19
0 54
0 59
0 15
0 22
0 18
0 27
0 55
0 51
0 58
0 16
0 17
0 30
0 38
1 69 23
0 35
0 43
1 70 31
0 56
0 57
1 71 39
1 72 47
1 73 24
0 34
1 74 48
0 42
1 75 25
1 76 49
1 77 26
1 78 33
0 32
1 79 50
1 4 46
0 40
0 41
2 79
2 77
2 76
2 75
2 74
2 73
2 72
2 71
2 70
END_STATE
END_LABELED_STATE
BEGIN_LABELED_STATE
23
BEGIN_STATE
0 14
0 19
0 54
0 59
0 15
0 22
0 18
0 27
0 46
0 55
0 51
0 58
0 16
0 17
0 30
1 69 23
0 35
0 43
1 70 31
0 56
0 57
1 71 39
1 72 47
1 73 24
0 34
1 74 48
0 42
1 75 25
1 76 49
1 77 26
1 78 33
0 32
1 79 50
1 4 38
0 40
0 41
2 79
2 77
2 76
2 75
2 74
2 73
2 72
2 71
2 70
END_STATE
END_LABELED_STATE
BEGIN_LABELED_STATE
22
BEGIN_STATE
0 14
0 19
0 54
0 59
0 15
0 22
0 18
0 27
0 46
0 55
0 51
0 58
0 16
0 17
0 30
0 38
1 69 23
0 35
0 43
1 70 31
0 56
0 57
1 71 40
1 72 47
1 73 24
0 34
1 74 48
0 42
1 75 25
1 76 49
1 77 26
1 78 33
0 32
1 79 50
1 4 39
0 41
2 79
2 77
2 76
2 75
2 74
2 73
2 72
2 70
END_STATE
END_LABELED_STATE
BEGIN_LABELED_STATE
21
BEGIN_STATE
0 14
0 19
0 54
0 59
0 15
0 22
0 18
0 27
0 46
0 55
0 51
0 58
0 16
0 17
0 30
0 38
1 69 23
0 35
0 43
1 70 31
0 56
0 57
1 71 41
1 72 47
1 73 24
0 39
0 34
1 74 48
0 42
1 75 25
1 76 49
1 77 26
1 78 33
0 32
1 79 50
1 4 40
2 79
2 77
2 76
2 75
2 74
2 73
2 72
2 70
END_STATE
END_LABELED_STATE
BEGIN_LABELED_STATE
20
BEGIN_STATE
0 14
0 19
0 54
0 59
0 15
0 22
0 18
0 27
0 46
0 55
0 51
0 58
0 16
0 17
0 30
0 38
1 69 23
0 35
0 43
1 70 31
0 56
0 57
1 71 42
1 72 47
1 73 24
0 39
0 34
1 74 48
1 75 25
1 76 49
1 77 26
1 78 33
0 32
1 79 50
1 4 41
0 40
2 79
2 77
2 76
2 75
2 74
2 73
2 72
2 71
2 70
END_STATE
END_LABELED_STATE
BEGIN_LABELED_STATE
19
BEGIN_STATE
0 14
0 19
0 54
0 59
0 15
0 22
0 18
0 27
0 46
0 55
0 51
0 58
0 16
0 17
0 30
0 38
1 69 23
0 35
0 43
1 70 31
0 56
0 57
1 71 42
1 72 47
1 73 24
0 39
0 34
1 74 48
1 75 25
1 76 49
1 77 26
1 78 33
0 32
1 79 50
1 4 40
0 41
2 79
2 77
2 76
2 75
2 74
2 73
2 72
2 71
2 70
END_STATE
END_LABELED_STATE
BEGIN_LABELED_STATE
18
BEGIN_STATE
0 14
0 19
0 54
0 59
0 15
0 22
0 18
0 27
0 46
0 55
0 51
0 58
0 16
0 17
0 30
0 38
1 69 23
0 35
0 43
1 70 31
0 56
0 57
1 71 42
1 72 47
1 73 24
0 34
1 74 48
1 75 25
1 76 49
1 77 26
1 78 33
0 32
1 79 50
1 4 39
0 40
0 41
2 79
2 77
2 76
2 75
2 74
2 73
2 72
2 71
2 70
END_STATE
END_LABELED_STATE
BEGIN_LABELED_STATE
17
BEGIN_STATE
0 14
0 19
0 54
0 59
0 15
0 22
0 18
0 27
0 46
0 55
0 51
0 58
0 16
0 17
0 30
1 69 23
0 35
0 43
1 70 31
0 56
0 57
1 71 42
1 72 47
1 73 24
0 39
0 34
1 74 48
1 75 25
1 76 49
1 77 26
1 78 33
0 32
1 79 50
1 4 38
0 40
0 41
2 79
2 77
2 76
2 75
2 74
2 73
2 72
2 71
2 70
END_STATE
END_LABELED_STATE
BEGIN_LABELED_STATE
16
BEGIN_STATE
0 14
0 19
0 54
0 59
0 15
0 22
0 18
0 27
0 46
0 55
0 51
0 58
0 16
0 17
0 38
1 69 23
0 35
0 43
1 70 31
0 56
0 57
1 71 42
1 72 47
1 73 24
0 39
0 34
1 74 48
1 75 25
1 76 49
1 77 26
1 78 33
0 32
1 79 50
1 4 30
0 40
0 41
2 79
2 77
2 76
2 75
2 74
2 73
2 72
2 71
2 70
END_STATE
END_LABELED_STATE
BEGIN_LABELED_STATE
15
BEGIN_STATE
0 14
0 19
0 54
0 59
0 15
0 18
0 27
0 46
0 55
0 51
0 58
0 16
0 17
0 30
0 38
1 69 23
0 35
0 43
1 70 31
0 56
0 57
1 71 42
1 72 47
1 73 24
0 39
0 34
1 74 48
1 75 25
1 76 49
1 77 26
1 78 33
0 32
1 79 50
1 4 22
0 40
0 41
2 79
2 77
2 76
2 75
2 74
2 73
2 72
2 71
2 70
END_STATE
END_LABELED_STATE
BEGIN_LABELED_STATE
14
BEGIN_STATE
0 19
0 54
0 59
0 15
0 22
0 18
0 27
0 46
0 55
0 51
0 58
0 16
0 17
0 30
0 38
1 69 23
0 35
0 43
1 70 31
0 56
0 57
1 71 42
1 72 47
1 73 24
0 39
0 34
1 74 48
1 75 25
1 76 49
1 77 26
1 78 33
0 32
1 79 50
1 4 14
0 40
0 41
2 79
2 77
2 76
2 75
2 74
2 73
2 72
2 71
2 70
END_STATE
END_LABELED_STATE
BEGIN_LABELED_STATE
13
BEGIN_STATE
0 14
0 19
0 54
0 59
0 22
0 18
0 27
0 46
0 55
0 51
0 58
0 16
0 17
0 30
0 38
1 69 23
0 35
0 43
1 70 31
0 56
0 57
1 71 42
1 72 47
1 73 24
0 39
0 34
1 74 48
1 75 25
1 76 49
1 77 26
1 78 33
0 32
1 79 50
1 4 15
0 40
0 41
2 79
2 77
2 76
2 75
2 74
2 73
2 72
2 71
2 70
END_STATE
END_LABELED_STATE
BEGIN_LABELED_STATE
12
BEGIN_STATE
0 14
0 19
0 54
0 59
0 15
0 22
0 18
0 27
0 46
0 55
0 51
0 58
0 17
0 30
0 38
1 69 23
0 35
0 43
1 70 31
0 56
0 57
1 71 42
1 72 47
1 73 24
0 39
0 34
1 74 48
1 75 25
1 76 49
1 77 26
1 78 33
0 32
1 79 50
1 4 16
0 40
0 41
2 79
2 77
2 76
2 75
2 74
2 73
2 72
2 71
2 70
END_STATE
END_LABELED_STATE
BEGIN_LABELED_STATE
11
BEGIN_STATE
0 14
0 19
0 54
0 59
0 15
0 22
0 18
0 27
0 46
0 55
0 51
0 58
0 16
0 17
0 30
0 38
1 69 23
0 35
0 43
1 70 31
0 56
0 57
1 71 42
1 72 47
1 73 32
0 39
0 34
1 74 48
1 75 25
1 76 49
1 77 26
1 78 33
1 79 50
1 4 24
0 40
0 41
2 79
2 77
2 76
2 75
2 74
2 72
2 71
2 70
END_STATE
END_LABELED_STATE
BEGIN_LABELED_STATE
10
BEGIN_STATE
0 14
0 19
0 54
0 59
0 15
0 22
0 18
0 27
0 46
0 55
0 51
0 58
0 16
0 17
0 30
0 38
1 69 23
0 35
0 43
1 70 31
0 56
0 57
1 71 42
0 24
1 72 47
1 73 40
0 39
0 34
1 74 48
1 75 25
1 76 49
1 77 26
1 78 33
1 79 50
1 4 32
0 41
2 79
2 77
2 76
2 75
2 74
2 72
2 71
2 70
END_STATE
END_LABELED_STATE
BEGIN_LABELED_STATE
9
BEGIN_STATE
0 14
0 19
0 54
0 59
0 15
0 22
0 18
0 27
0 46
0 55
0 51
0 58
0 16
0 17
0 30
0 38
1 69 23
0 35
0 43
1 70 31
0 56
0 57
1 71 42
0 24
1 72 47
1 73 40
0 39
1 74 48
1 75 25
1 76 49
1 77 26
1 78 34
0 32
1 79 50
1 4 33
0 41
2 79
2 78
2 77
2 76
2 75
2 74
2 72
2 71
2 70
END_STATE
END_LABELED_STATE
BEGIN_LABELED_STATE
8
BEGIN_STATE
0 14
0 19
0 54
0 59
0 15
0 22
0 18
0 27
0 46
0 55
0 51
0 58
0 16
0 17
0 30
0 38
1 69 23
0 35
0 43
1 70 31
0 56
0 57
1 71 42
0 24
1 72 47
1 73 40
0 39
1 74 48
1 75 25
1 76 49
1 77 26
1 78 34
0 32
0 33
1 79 50
1 4 41
2 79
2 78
2 77
2 76
2 75
2 74
2 72
2 71
2 70
END_STATE
END_LABELED_STATE
BEGIN_LABELED_STATE
7
BEGIN_STATE
0 14
0 19
0 54
0 59
0 15
0 22
0 18
0 27
0 46
0 55
0 51
0 58
0 16
0 17
0 30
0 38
1 69 23
0 35
0 43
1 70 31
0 56
0 57
1 71 42
0 24
1 72 47
1 73 39
1 74 48
1 75 25
1 76 49
1 77 26
1 78 34
0 32
0 33
1 79 50
1 4 40
0 41
2 79
2 78
2 77
2 76
2 75
2 74
2 73
2 72
2 71
2 70
END_STATE
END_LABELED_STATE
BEGIN_LABELED_STATE
6
BEGIN_STATE
0 14
0 19
0 54
0 59
0 15
0 22
0 18
0 27
0 46
0 55
0 51
0 58
0 16
0 17
0 30
0 38
1 69 23
0 35
0 43
1 70 31
0 56
0 57
1 71 42
0 24
1 72 47
1 73 39
1 74 48
1 75 25
1 76 49
1 77 26
1 78 34
0 33
1 79 50
1 4 32
0 40
0 41
2 79
2 78
2 77
2 76
2 75
2 74
2 73
2 72
2 71
2 70
END_STATE
END_LABELED_STATE
BEGIN_LABELED_STATE
5
BEGIN_STATE
0 14
0 19
0 54
0 59
0 15
0 22
0 18
0 27
0 46
0 55
0 51
0 58
0 16
0 17
0 30
0 38
1 69 23
0 35
0 43
1 70 31
0 56
0 57
1 71 42
1 72 47
1 73 39
1 74 48
1 75 25
1 76 49
1 77 26
1 78 34
0 32
0 33
1 79 50
1 4 24
0 40
0 41
2 79
2 78
2 77
2 76
2 75
2 74
2 73
2 72
2 71
2 70
END_STATE
END_LABELED_STATE
BEGIN_LABELED_STATE
4
BEGIN_STATE
0 14
0 19
0 54
0 59
0 15
0 22
0 18
0 27
0 46
0 55
0 51
0 58
0 17
0 30
0 38
1 69 23
0 35
0 43
1 70 31
0 56
0 57
1 71 42
0 24
1 72 47
1 73 39
1 74 48
1 75 25
1 76 49
1 77 26
1 78 34
0 32
0 33
1 79 50
1 4 16
0 40
0 41
2 79
2 78
2 77
2 76
2 75
2 74
2 73
2 72
2 71
2 70
END_STATE
END_LABELED_STATE
BEGIN_LABELED_STATE
3
BEGIN_STATE
0 14
0 19
0 54
0 59
0 22
0 18
0 27
0 46
0 55
0 51
0 58
0 16
0 17
0 30
0 38
1 69 23
0 35
0 43
1 70 31
0 56
0 57
1 71 42
0 24
1 72 47
1 73 39
1 74 48
1 75 25
1 76 49
1 77 26
1 78 34
0 32
0 33
1 79 50
1 4 15
0 40
0 41
2 79
2 78
2 77
2 76
2 75
2 74
2 73
2 72
2 71
2 70
END_STATE
END_LABELED_STATE
BEGIN_LABELED_STATE
2
BEGIN_STATE
0 19
0 54
0 59
0 15
0 22
0 18
0 27
0 46
0 55
0 51
0 58
0 16
0 17
0 30
0 38
1 69 23
0 35
0 43
1 70 31
0 56
0 57
1 71 42
0 24
1 72 47
1 73 39
1 74 48
1 75 25
1 76 49
1 77 26
1 78 34
0 32
0 33
1 79 50
1 4 14
0 40
0 41
2 79
2 78
2 77
2 76
2 75
2 74
2 73
2 72
2 71
2 70
END_STATE
END_LABELED_STATE
BEGIN_LABELED_STATE
1
BEGIN_STATE
0 14
0 19
0 54
0 59
0 15
0 18
0 27
0 46
0 55
0 51
0 58
0 16
0 17
0 30
0 38
1 69 23
0 35
0 43
1 70 31
0 56
0 57
1 71 42
0 24
1 72 47
1 73 39
1 74 48
1 75 25
1 76 49
1 77 26
1 78 34
0 32
0 33
1 79 50
1 4 22
0 40
0 41
2 79
2 78
2 77
2 76
2 75
2 74
2 73
2 72
2 71
2 70
END_STATE
END_LABELED_STATE
BEGIN_LABELED_STATE
0
BEGIN_STATE
0 14
0 19
0 54
0 59
0 15
0 22
0 18
0 27
0 46
0 55
0 51
0 58
0 16
0 17
0 30
0 38
1 69 24
0 35
0 43
1 70 31
0 56
0 57
1 71 42
1 72 47
1 73 39
1 74 48
1 75 25
1 76 49
1 77 26
1 78 34
0 32
0 33
1 79 50
1 4 23
0 40
0 41
2 79
2 78
2 77
2 76
2 75
2 74
2 73
2 72
2 71
2 70
2 69
END_STATE
END_LABELED_STATE
BEGIN_LABELED_STATE
6
BEGIN_STATE
0 14
0 19
0 54
0 59
0 15
0 27
0 46
0 16
0 30
0 38
1 69 15
0 35
0 43
1 70 19
0 56
0 57
1 71 43
0 24
1 72 14
1 73 18
1 74 16
0 42
1 75 30
1 76 50
1 77 31
1 78 24
0 32
1 79 42
1 4 39
0 40
2 79
2 78
2 76
2 75
2 74
2 73
2 72
2 71
2 70
2 69
END_STATE
END_LABELED_STATE
BEGIN_LABELED_STATE
5
BEGIN_STATE
0 14
0 19
0 54
0 59
0 15
0 27
0 46
0 16
0 30
1 69 15
0 35
0 43
1 70 19
0 56
0 57
1 71 43
0 24
1 72 14
1 73 18
0 39
1 74 16
0 42
1 75 30
1 76 50
1 77 31
1 78 24
0 32
1 79 42
1 4 38
0 40
2 79
2 78
2 76
2 75
2 74
2 73
2 72
2 71
2 70
2 69
END_STATE
END_LABELED_STATE
BEGIN_LABELED_STATE
4
BEGIN_STATE
0 14
0 19
0 54
0 59
0 15
0 27
0 46
0 16
0 38
1 69 15
0 35
0 43
1 70 19
0 56
0 57
1 71 43
0 24
1 72 14
1 73 18
0 39
1 74 16
0 42
1 75 30
1 76 50
1 77 31
1 78 24
0 32
1 79 42
1 4 30
0 40
2 79
2 78
2 76
2 75
2 74
2 73
2 72
2 71
2 70
2 69
END_STATE
END_LABELED_STATE
BEGIN_LABELED_STATE
3
BEGIN_STATE
0 14
0 19
0 54
0 59
0 15
0 27
0 46
0 16
0 30
0 38
1 69 15
0 35
0 43
1 70 19
0 56
0 57
1 71 43
0 24
1 72 14
1 73 18
0 39
1 74 16
0 42
1 75 30
1 76 50
1 77 32
1 78 24
1 79 42
1 4 31
0 40
2 79
2 78
2 76
2 75
2 74
2 73
2 72
2 71
2 70
2 69
END_STATE
END_LABELED_STATE
BEGIN_LABELED_STATE
2
BEGIN_STATE
0 14
0 19
0 54
0 59
0 15
0 27
0 46
0 16
0 30
0 38
1 69 15
0 35
0 43
1 70 19
0 56
0 57
1 71 43
0 24
1 72 14
0 31
1 73 18
1 74 16
0 42
1 75 30
1 76 50
1 77 32
1 78 24
1 79 42
1 4 39
0 40
2 79
2 78
2 76
2 75
2 74
2 73
2 72
2 71
2 70
2 69
END_STATE
END_LABELED_STATE
BEGIN_LABELED_STATE
1
BEGIN_STATE
0 14
0 19
0 54
0 59
0 15
0 27
0 46
0 16
0 30
0 38
1 69 15
0 35
0 43
1 70 19
0 56
0 57
1 71 43
0 24
1 72 14
0 31
1 73 18
0 39
1 74 16
0 42
1 75 30
1 76 50
1 77 32
1 78 24
1 79 42
1 4 40
2 79
2 78
2 76
2 75
2 74
2 73
2 72
2 71
2 70
2 69
END_STATE
END_LABELED_STATE
BEGIN_LABELED_STATE
0
BEGIN_STATE
0 14
0 19
0 54
0 59
0 15
0 27
0 46
0 16
0 30
0 38
1 69 15
0 35
0 43
1 70 19
0 56
0 57
1 71 43
1 72 14
0 31
1 73 18
0 39
1 74 16
0 42
1 75 30
1 76 50
1 77 24
1 78 24
1 79 42
1 4 32
0 40
2 79
2 78
2 77
2 76
2 75
2 74
2 73
2 72
2 71
2 70
2 69
END_STATE
END_LABELED_STATE
BEGIN_LABELED_STATE
30
BEGIN_STATE
0 14
0 54
0 15
0 22
0 18
0 27
0 46
0 51
0 23
0 47
0 50
0 16
0 30
1 69 25
0 35
0 43
1 70 50
1 71 26
0 24
1 72 41
0 25
1 73 40
1 74 41
0 48
1 75 31
0 49
1 76 40
1 77 27
1 78 24
0 32
0 33
1 79 40
1 4 51
2 78
2 77
2 71
2 69
END_STATE
END_LABELED_STATE
BEGIN_LABELED_STATE
29
BEGIN_STATE
0 14
0 54
0 15
0 22
0 18
0 27
0 46
0 51
0 23
0 47
0 50
0 16
0 30
1 69 25
0 35
0 43
1 70 49
1 71 26
0 24
1 72 41
0 25
1 73 40
1 74 41
0 48
1 75 31
1 76 40
1 77 27
1 78 24
0 32
0 33
1 79 40
1 4 50
2 78
2 77
2 71
2 70
2 69
END_STATE
END_LABELED_STATE
BEGIN_LABELED_STATE
28
BEGIN_STATE
0 14
0 54
0 15
0 22
0 18
0 27
0 46
0 51
0 23
0 47
0 50
0 16
0 30
1 69 25
0 35
0 43
1 70 48
1 71 26
0 24
1 72 41
0 25
1 73 40
1 74 41
1 75 31
1 76 40
1 77 27
1 78 24
0 32
0 33
1 79 40
1 4 49
2 78
2 77
2 71
2 70
2 69
END_STATE
END_LABELED_STATE
BEGIN_LABELED_STATE
27
BEGIN_STATE
0 14
0 54
0 15
0 22
0 18
0 27
0 46
0 51
0 23
0 50
0 16
0 30
1 69 25
0 35
0 43
1 70 47
1 71 26
0 24
1 72 41
0 25
1 73 40
1 74 41
1 75 31
0 49
1 76 40
1 77 27
1 78 24
0 32
0 33
1 79 40
1 4 48
2 78
2 77
2 71
2 70
2 69
END_STATE
END_LABELED_STATE
BEGIN_LABELED_STATE
26
BEGIN_STATE
0 14
0 54
0 15
0 22
0 18
0 27
0 46
0 51
0 23
0 50
0 16
0 30
1 69 25
0 35
0 43
1 70 47
1 71 26
0 24
1 72 41
0 25
1 73 32
1 74 41
0 48
1 75 31
0 49
1 76 40
1 77 27
1 78 24
0 33
1 79 40
1 4 40
2 78
2 77
2 71
2 70
2 69
END_STATE
END_LABELED_STATE
BEGIN_LABELED_STATE
25
BEGIN_STATE
0 14
0 54
0 15
0 22
0 18
0 27
0 46
0 51
0 23
0 50
0 16
0 30
1 69 25
0 35
0 43
1 70 47
1 71 26
1 72 41
0 25
1 73 24
1 74 41
0 48
1 75 31
0 49
1 76 40
1 77 27
1 78 24
0 33
1 79 40
1 4 32
0 40
2 78
2 77
2 73
2 71
2 70
2 69
END_STATE
END_LABELED_STATE
BEGIN_LABELED_STATE
24
BEGIN_STATE
0 14
0 54
0 15
0 22
0 18
0 27
0 46
0 51
0 23
0 50
0 16
0 30
1 69 25
0 35
0 43
1 70 47
1 71 26
1 72 41
0 25
1 73 24
1 74 41
0 48
1 75 31
0 49
1 76 40
1 77 27
1 78 24
0 32
1 79 40
1 4 33
0 40
2 78
2 77
2 73
2 71
2 70
2 69
END_STATE
END_LABELED_STATE
BEGIN_LABELED_STATE
23
BEGIN_STATE
0 14
0 54
0 15
0 22
0 18
0 27
0 46
0 51
0 23
0 50
0 16
0 30
1 69 25
0 35
0 43
1 70 47
1 71 26
1 72 49
0 25
1 73 24
1 74 41
0 48
1 75 31
1 76 40
1 77 27
1 78 24
0 32
0 33
1 79 40
1 4 41
0 40
2 78
2 77
2 73
2 72
2 71
2 70
2 69
END_STATE
END_LABELED_STATE
BEGIN_LABELED_STATE
22
BEGIN_STATE
0 14
0 54
0 15
0 22
0 18
0 27
0 46
0 51
0 23
0 50
0 16
0 30
1 69 25
0 35
0 43
1 70 47
1 71 26
1 72 49
0 25
1 73 24
1 74 41
0 48
1 75 31
1 76 40
1 77 27
1 78 24
0 32
1 79 40
1 4 33
0 40
0 41
2 78
2 77
2 73
2 72
2 71
2 70
2 69
END_STATE
END_LABELED_STATE
BEGIN_LABELED_STATE
21
BEGIN_STATE
0 14
0 54
0 15
0 22
0 18
0 27
0 46
0 51
0 23
0 50
0 16
0 30
1 69 25
0 35
0 43
1 70 47
1 71 26
1 72 49
1 73 24
1 74 41
0 48
1 75 31
1 76 40
1 77 27
1 78 24
0 32
0 33
1 79 40
1 4 25
0 40
0 41
2 78
2 77
2 73
2 72
2 71
2 70
2 69
END_STATE
END_LABELED_STATE
BEGIN_LABELED_STATE
20
BEGIN_STATE
0 14
0 54
0 15
0 22
0 18
0 27
0 46
0 51
0 50
0 16
0 30
1 69 25
0 35
0 43
1 70 47
1 71 26
1 72 49
0 25
1 73 23
1 74 41
0 48
1 75 31
1 76 40
1 77 27
1 78 24
0 32
0 33
1 79 40
1 4 24
0 40
0 41
2 78
2 77
2 72
2 71
2 70
2 69
END_STATE
END_LABELED_STATE
BEGIN_LABELED_STATE
19
BEGIN_STATE
0 14
0 54
0 15
0 22
0 18
0 27
0 46
0 51
0 50
0 30
1 69 25
0 35
0 43
1 70 47
1 71 26
0 24
1 72 49
0 25
1 73 23
1 74 41
0 48
1 75 31
1 76 40
1 77 27
1 78 24
0 32
0 33
1 79 40
1 4 16
0 40
0 41
2 78
2 77
2 72
2 71
2 70
2 69
END_STATE
END_LABELED_STATE
BEGIN_LABELED_STATE
18
BEGIN_STATE
0 14
0 54
0 22
0 18
0 27
0 46
0 51
0 50
0 16
0 30
1 69 25
0 35
0 43
1 70 47
1 71 26
0 24
1 72 49
0 25
1 73 23
1 74 41
0 48
1 75 31
1 76 40
1 77 27
1 78 24
0 32
0 33
1 79 40
1 4 15
0 40
0 41
2 78
2 77
2 72
2 71
2 70
2 69
END_STATE
END_LABELED_STATE
BEGIN_LABELED_STATE
17
BEGIN_STATE
0 54
0 15
0 22
0 18
0 27
0 46
0 51
0 50
0 16
0 30
1 69 25
0 35
0 43
1 70 47
1 71 26
0 24
1 72 49
0 25
1 73 23
1 74 41
0 48
1 75 31
1 76 40
1 77 27
1 78 24
0 32
0 33
1 79 40
1 4 14
0 40
0 41
2 78
2 77
2 72
2 71
2 70
2 69
END_STATE
END_LABELED_STATE
BEGIN_LABELED_STATE
16
BEGIN_STATE
0 14
0 54
0 15
0 18
0 27
0 46
0 51
0 50
0 16
0 30
1 69 25
0 35
0 43
1 70 47
1 71 26
0 24
1 72 49
0 25
1 73 23
1 74 41
0 48
1 75 31
1 76 40
1 77 27
1 78 24
0 32
0 33
1 79 40
1 4 22
0 40
0 41
2 78
2 77
2 72
2 71
2 70
2 69
END_STATE
END_LABELED_STATE
BEGIN_LABELED_STATE
15
BEGIN_STATE
0 14
0 54
0 15
0 22
0 18
0 27
0 46
0 51
0 50
0 16
0 30
1 69 25
0 35
0 43
1 70 47
1 71 26
1 72 49
0 25
1 73 24
1 74 41
0 48
1 75 31
1 76 40
1 77 27
1 78 24
0 32
0 33
1 79 40
1 4 23
0 40
0 41
2 78
2 77
2 73
2 72
2 71
2 70
2 69
END_STATE
END_LABELED_STATE
BEGIN_LABELED_STATE
14
BEGIN_STATE
0 14
0 54
0 15
0 18
0 27
0 46
0 51
0 23
0 50
0 16
0 30
1 69 25
0 35
0 43
1 70 47
1 71 26
1 72 49
0 25
1 73 24
1 74 41
0 48
1 75 31
1 76 40
1 77 27
1 78 24
0 32
0 33
1 79 40
1 4 22
0 40
0 41
2 78
2 77
2 73
2 72
2 71
2 70
2 69
END_STATE
END_LABELED_STATE
BEGIN_LABELED_STATE
13
BEGIN_STATE
0 14
0 54
0 15
0 22
0 18
0 27
0 46
0 51
0 23
0 50
0 16
1 69 25
0 35
0 43
1 70 47
1 71 26
1 72 49
0 25
1 73 24
1 74 41
0 48
1 75 31
1 76 40
1 77 27
1 78 24
0 32
0 33
1 79 40
1 4 30
0 40
0 41
2 78
2 77
2 73
2 72
2 71
2 70
2 69
END_STATE
END_LABELED_STATE
BEGIN_LABELED_STATE
12
BEGIN_STATE
0 14
0 54
0 15
0 22
0 18
0 27
0 46
0 51
0 23
0 50
0 16
0 30
1 69 25
0 35
0 43
1 70 47
1 71 26
1 72 49
0 25
1 73 24
1 74 41
0 48
1 75 32
1 76 40
1 77 27
1 78 24
0 33
1 79 40
1 4 31
0 40
0 41
2 78
2 77
2 73
2 72
2 71
2 70
2 69
END_STATE
END_LABELED_STATE
BEGIN_LABELED_STATE
11
BEGIN_STATE
0 14
0 54
0 15
0 22
0 18
0 27
0 46
0 51
0 23
0 50
0 16
0 30
1 69 25
0 35
0 43
1 70 47
1 71 26
1 72 49
0 25
0 31
1 73 24
1 74 41
0 48
1 75 33
1 76 40
1 77 27
1 78 24
1 79 40
1 4 32
0 40
0 41
2 78
2 77
2 73
2 72
2 71
2 70
2 69
END_STATE
END_LABELED_STATE
BEGIN_LABELED_STATE
10
BEGIN_STATE
0 14
0 54
0 15
0 22
0 18
0 27
0 46
0 51
0 23
0 50
0 16
0 30
1 69 25
0 35
0 43
1 70 47
1 71 26
1 72 49
0 25
0 31
1 73 24
1 74 41
0 48
1 75 33
1 76 40
1 77 27
1 78 24
0 32
1 79 40
1 4 40
0 41
2 78
2 77
2 73
2 72
2 71
2 70
2 69
END_STATE
END_LABELED_STATE
BEGIN_LABELED_STATE
9
BEGIN_STATE
0 14
0 54
0 15
0 22
0 18
0 27
0 46
0 51
0 23
0 50
0 16
0 30
1 69 25
0 35
0 43
1 70 47
1 71 26
1 72 49
0 25
0 31
1 73 24
1 74 41
1 75 33
1 76 40
1 77 27
1 78 24
0 32
1 79 40
1 4 48
0 40
0 41
2 78
2 77
2 73
2 72
2 71
2 70
2 69
END_STATE
END_LABELED_STATE
BEGIN_LABELED_STATE
8
BEGIN_STATE
0 14
0 54
0 15
0 22
0 18
0 27
0 46
0 51
0 23
0 16
0 30
1 69 25
0 35
0 43
1 70 47
1 71 26
1 72 50
0 25
0 31
1 73 24
1 74 41
0 48
1 75 33
1 76 40
1 77 27
1 78 24
0 32
1 79 40
1 4 49
0 40
0 41
2 78
2 77
2 73
2 72
2 71
2 70
2 69
END_STATE
END_LABELED_STATE
BEGIN_LABELED_STATE
7
BEGIN_STATE
0 14
0 54
0 15
0 22
0 18
0 27
0 46
0 51
0 23
0 16
0 30
1 69 25
0 35
0 43
1 70 47
1 71 26
1 72 50
0 25
0 31
1 73 24
1 74 41
1 75 33
0 49
1 76 40
1 77 27
1 78 24
0 32
1 79 40
1 4 48
0 40
0 41
2 78
2 77
2 73
2 72
2 71
2 70
2 69
END_STATE
END_LABELED_STATE
BEGIN_LABELED_STATE
6
BEGIN_STATE
0 14
0 54
0 15
0 22
0 18
0 27
0 46
0 51
0 23
0 16
0 30
1 69 25
0 35
0 43
1 70 47
1 71 26
1 72 50
0 25
0 31
1 73 24
1 74 41
0 48
1 75 33
0 49
1 76 32
1 77 27
1 78 24
1 79 40
1 4 40
0 40
0 41
2 78
2 77
2 73
2 72
2 71
2 70
2 69
END_STATE
END_LABELED_STATE
BEGIN_LABELED_STATE
5
BEGIN_STATE
0 14
0 54
0 15
0 22
0 18
0 27
0 46
0 51
0 23
0 16
0 30
1 69 25
0 35
0 43
1 70 47
1 71 26
1 72 50
0 25
0 31
1 73 24
1 74 41
0 48
1 75 33
0 49
1 76 32
1 77 27
1 78 24
1 79 40
1 4 41
0 40
2 78
2 77
2 73
2 72
2 71
2 70
2 69
END_STATE
END_LABELED_STATE
BEGIN_LABELED_STATE
4
BEGIN_STATE
0 14
0 54
0 15
0 22
0 18
0 27
0 46
0 51
0 23
0 16
0 30
1 69 25
0 35
0 43
1 70 47
1 71 26
1 72 50
0 31
1 73 24
1 74 41
0 48
1 75 25
0 49
1 76 32
1 77 27
1 78 24
1 79 40
1 4 33
0 40
0 41
2 78
2 77
2 75
2 73
2 72
2 71
2 70
2 69
END_STATE
END_LABELED_STATE
BEGIN_LABELED_STATE
3
BEGIN_STATE
0 14
0 54
0 15
0 22
0 18
0 27
0 46
0 51
0 23
0 16
0 30
1 69 25
0 35
0 43
1 70 47
1 71 26
1 72 50
0 31
1 73 24
1 74 49
0 48
1 75 25
1 76 32
1 77 27
1 78 24
0 33
1 79 40
1 4 41
0 40
0 41
2 78
2 77
2 75
2 74
2 73
2 72
2 71
2 70
2 69
END_STATE
END_LABELED_STATE
BEGIN_LABELED_STATE
2
BEGIN_STATE
0 14
0 54
0 15
0 22
0 18
0 27
0 46
0 51
0 23
0 16
0 30
1 69 25
0 35
0 43
1 70 47
1 71 26
1 72 50
0 31
1 73 24
1 74 49
0 48
1 75 25
1 76 32
1 77 27
1 78 24
1 79 40
1 4 33
0 40
0 41
2 78
2 77
2 75
2 74
2 73
2 72
2 71
2 70
2 69
END_STATE
END_LABELED_STATE
BEGIN_LABELED_STATE
1
BEGIN_STATE
0 14
0 54
0 15
0 22
0 18
0 27
0 46
0 51
0 23
0 16
0 30
1 69 25
0 35
0 43
1 70 47
1 71 26
1 72 50
1 73 24
1 74 49
0 48
1 75 25
1 76 31
1 77 27
1 78 24
0 33
1 79 40
1 4 32
0 40
0 41
2 78
2 77
2 76
2 75
2 74
2 73
2 72
2 71
2 70
2 69
END_STATE
END_LABELED_STATE
BEGIN_LABELED_STATE
0
BEGIN_STATE
0 14
0 54
0 15
0 22
0 18
0 27
0 46
0 51
0 23
0 16
0 30
1 69 25
0 35
0 43
1 70 47
1 71 26
1 72 50
1 73 24
1 74 49
1 75 25
1 76 31
1 77 27
1 78 24
0 32
0 33
1 79 48
1 4 40
0 40
0 41
2 79
2 78
2 77
2 76
2 75
2 74
2 73
2 72
2 71
2 70
2 69
END_STATE
END_LABELED_STATE
BEGIN_LABELED_STATE
7
BEGIN_STATE
0 14
0 54
0 15
0 22
0 46
0 51
0 23
0 26
0 50
1 69 33
0 43
1 70 39
0 57
1 71 42
0 24
1 72 57
1 73 54
1 74 18
0 42
0 48
1 75 32
0 49
1 76 15
1 77 57
1 78 25
0 32
0 33
1 79 40
1 4 38
0 40
0 41
2 79
2 77
2 76
2 75
2 74
2 73
2 72
2 71
2 69
END_STATE
END_LABELED_STATE
BEGIN_LABELED_STATE
6
BEGIN_STATE
0 14
0 54
0 15
0 22
0 46
0 51
0 23
0 26
0 50
0 38
1 69 33
0 43
1 70 40
0 57
1 71 42
0 24
1 72 57
1 73 54
1 74 18
0 42
0 48
1 75 32
0 49
1 76 15
1 77 57
1 78 25
0 32
0 33
1 79 40
1 4 39
0 41
2 79
2 77
2 76
2 75
2 74
2 73
2 72
2 71
2 69
END_STATE
END_LABELED_STATE
BEGIN_LABELED_STATE
5
BEGIN_STATE
0 14
0 54
0 15
0 22
0 46
0 51
0 23
0 26
0 50
0 38
1 69 33
0 43
1 70 41
0 57
1 71 42
0 24
1 72 57
1 73 54
0 39
1 74 18
0 42
0 48
1 75 32
0 49
1 76 15
1 77 57
1 78 25
0 32
0 33
1 79 40
1 4 40
2 79
2 77
2 76
2 75
2 74
2 73
2 72
2 71
2 69
END_STATE
END_LABELED_STATE
BEGIN_LABELED_STATE
4
BEGIN_STATE
0 14
0 54
0 15
0 22
0 46
0 51
0 23
0 26
0 50
0 38
1 69 33
0 43
1 70 42
0 57
1 71 42
0 24
1 72 57
1 73 54
0 39
1 74 18
0 48
1 75 32
0 49
1 76 15
1 77 57
1 78 25
0 32
0 33
1 79 40
1 4 41
0 40
2 79
2 77
2 76
2 75
2 74
2 73
2 72
2 71
2 70
2 69
END_STATE
END_LABELED_STATE
BEGIN_LABELED_STATE
3
BEGIN_STATE
0 14
0 54
0 15
0 22
0 46
0 51
0 23
0 26
0 50
0 38
1 69 33
0 43
1 70 42
0 57
1 71 42
0 24
1 72 57
1 73 54
1 74 18
0 48
1 75 32
0 49
1 76 15
1 77 57
1 78 25
0 32
0 33
1 79 39
1 4 40
0 40
0 41
2 79
2 77
2 76
2 75
2 74
2 73
2 72
2 71
2 70
2 69
END_STATE
END_LABELED_STATE
BEGIN_LABELED_STATE
2
BEGIN_STATE
0 14
0 54
0 15
0 22
0 46
0 51
0 23
0 26
0 50
0 38
1 69 33
0 43
1 70 42
0 57
1 71 42
0 24
1 72 57
1 73 54
1 74 18
0 48
1 75 32
0 49
1 76 15
1 77 57
1 78 25
0 33
1 79 39
1 4 32
0 40
0 41
2 79
2 77
2 76
2 75
2 74
2 73
2 72
2 71
2 70
2 69
END_STATE
END_LABELED_STATE
BEGIN_LABELED_STATE
1
BEGIN_STATE
0 14
0 54
0 15
0 22
0 46
0 51
0 23
0 26
0 50
0 38
1 69 33
0 43
1 70 42
0 57
1 71 42
1 72 57
1 73 54
1 74 18
0 48
1 75 32
0 49
1 76 15
1 77 57
1 78 25
0 32
0 33
1 79 39
1 4 24
0 40
0 41
2 79
2 77
2 76
2 75
2 74
2 73
2 72
2 71
2 70
2 69
END_STATE
END_LABELED_STATE
BEGIN_LABELED_STATE
0
BEGIN_STATE
0 14
0 54
0 15
0 22
0 46
0 51
0 23
0 50
0 38
1 69 33
0 43
1 70 42
0 57
1 71 42
0 24
1 72 57
1 73 54
1 74 18
0 48
1 75 32
0 49
1 76 15
1 77 57
1 78 26
0 32
0 33
1 79 39
1 4 25
0 40
0 41
2 79
2 78
2 77
2 76
2 75
2 74
2 73
2 72
2 71
2 70
2 69
END_STATE
END_LABELED_STATE
BEGIN_LABELED_STATE
15
BEGIN_STATE
0 14
0 54
0 15
0 18
0 55
0 51
0 23
0 47
0 50
0 16
0 17
0 30
1 69 23
0 35
1 70 19
1 71 40
1 72 58
0 25
0 31
1 73 33
0 39
0 34
1 74 42
0 42
1 75 47
1 76 32
1 77 23
1 78 23
1 79 42
1 4 51
0 40
0 41
2 79
2 77
2 75
2 73
2 72
2 71
2 70
2 69
END_STATE
END_LABELED_STATE
BEGIN_LABELED_STATE
14
BEGIN_STATE
0 14
0 54
0 15
0 18
0 55
0 51
0 23
0 47
0 16
0 17
0 30
1 69 23
0 35
1 70 19
1 71 40
1 72 58
0 25
0 31
1 73 33
0 39
0 34
1 74 42
0 42
1 75 47
1 76 32
1 77 23
1 78 23
1 79 42
1 4 50
0 40
0 41
2 79
2 77
2 75
2 73
2 72
2 71
2 70
2 69
END_STATE
END_LABELED_STATE
BEGIN_LABELED_STATE
13
BEGIN_STATE
0 14
0 54
0 15
0 18
0 55
0 51
0 23
0 47
0 50
0 16
0 17
0 30
1 69 23
0 35
1 70 19
1 71 40
1 72 58
0 25
0 31
1 73 33
0 39
1 74 34
0 42
1 75 47
1 76 32
1 77 23
1 78 23
1 79 42
1 4 42
0 40
0 41
2 79
2 77
2 75
2 74
2 73
2 72
2 71
2 70
2 69
END_STATE
END_LABELED_STATE
BEGIN_LABELED_STATE
12
BEGIN_STATE
0 14
0 54
0 15
0 18
0 55
0 51
0 23
0 47
0 50
0 16
0 17
0 30
1 69 23
0 35
1 70 19
1 71 40
1 72 58
0 25
0 31
1 73 33
0 39
1 74 34
0 42
1 75 47
1 76 32
1 77 23
1 78 23
1 79 42
1 4 41
0 40
2 79
2 77
2 75
2 74
2 73
2 72
2 71
2 70
2 69
END_STATE
END_LABELED_STATE
BEGIN_LABELED_STATE
11
BEGIN_STATE
0 14
0 54
0 15
0 18
0 55
0 51
0 23
0 47
0 50
0 16
0 17
0 30
1 69 23
0 35
1 70 19
1 71 40
1 72 58
0 25
0 31
1 73 33
0 39
1 74 34
0 42
1 75 47
1 76 32
1 77 23
1 78 23
1 79 42
1 4 40
0 41
2 79
2 77
2 75
2 74
2 73
2 72
2 71
2 70
2 69
END_STATE
END_LABELED_STATE
BEGIN_LABELED_STATE
10
BEGIN_STATE
0 14
0 54
0 15
0 18
0 55
0 51
0 23
0 47
0 50
0 16
0 17
0 30
1 69 23
0 35
1 70 19
1 71 40
1 72 58
0 25
0 31
1 73 33
1 74 34
0 42
1 75 47
1 76 32
1 77 23
1 78 23
1 79 42
1 4 39
0 40
0 41
2 79
2 77
2 75
2 74
2 73
2 72
2 71
2 70
2 69
END_STATE
END_LABELED_STATE
BEGIN_LABELED_STATE
9
BEGIN_STATE
0 14
0 54
0 15
0 18
0 55
0 51
0 23
0 47
0 50
0 16
0 17
0 30
1 69 23
0 35
1 70 19
1 71 40
1 72 58
0 25
1 73 33
0 39
1 74 34
0 42
1 75 47
1 76 32
1 77 23
1 78 23
1 79 42
1 4 31
0 40
0 41
2 79
2 77
2 75
2 74
2 73
2 72
2 71
2 70
2 69
END_STATE
END_LABELED_STATE
BEGIN_LABELED_STATE
8
BEGIN_STATE
0 14
0 54
0 15
0 18
0 55
0 51
0 47
0 50
0 16
0 17
0 30
1 69 23
0 35
1 70 19
1 71 40
1 72 58
0 25
0 31
1 73 33
0 39
1 74 34
0 42
1 75 47
1 76 32
1 77 23
1 78 23
1 79 42
1 4 23
0 40
0 41
2 79
2 77
2 75
2 74
2 73
2 72
2 71
2 70
2 69
END_STATE
END_LABELED_STATE
BEGIN_LABELED_STATE
7
BEGIN_STATE
0 14
0 54
0 18
0 55
0 51
0 23
0 47
0 50
0 16
0 17
0 30
1 69 23
0 35
1 70 19
1 71 40
1 72 58
0 25
0 31
1 73 33
0 39
1 74 34
0 42
1 75 47
1 76 32
1 77 23
1 78 23
1 79 42
1 4 15
0 40
0 41
2 79
2 77
2 75
2 74
2 73
2 72
2 71
2 70
2 69
END_STATE
END_LABELED_STATE
BEGIN_LABELED_STATE
6
BEGIN_STATE
0 14
0 54
0 15
0 18
0 55
0 51
0 23
0 47
0 50
0 16
0 17
0 30
1 69 23
0 35
1 70 19
1 71 40
1 72 58
0 25
1 73 33
0 39
1 74 34
0 42
1 75 47
1 76 32
1 77 23
1 78 31
1 79 42
1 4 23
0 40
0 41
2 79
2 78
2 77
2 75
2 74
2 73
2 72
2 71
2 70
2 69
END_STATE
END_LABELED_STATE
BEGIN_LABELED_STATE
5
BEGIN_STATE
0 14
0 54
0 15
0 18
0 55
0 51
0 23
0 47
0 50
0 16
0 17
0 30
1 69 23
0 35
1 70 19
1 71 40
1 72 58
0 25
1 73 33
1 74 34
0 42
1 75 47
1 76 32
1 77 23
1 78 39
1 79 42
1 4 31
0 40
0 41
2 79
2 78
2 77
2 75
2 74
2 73
2 72
2 71
2 70
2 69
END_STATE
END_LABELED_STATE
BEGIN_LABELED_STATE
4
BEGIN_STATE
0 14
0 54
0 15
0 18
0 55
0 51
0 23
0 50
0 16
0 17
0 30
1 69 23
0 35
1 70 19
1 71 40
1 72 58
0 25
0 31
1 73 33
1 74 34
0 42
1 75 47
1 76 32
1 77 23
1 78 47
1 79 42
1 4 39
0 40
0 41
2 79
2 78
2 77
2 75
2 74
2 73
2 72
2 71
2 70
2 69
END_STATE
END_LABELED_STATE
BEGIN_LABELED_STATE
3
BEGIN_STATE
0 14
0 54
0 15
0 18
0 55
0 51
0 23
0 50
0 16
0 17
0 30
1 69 23
0 35
1 70 19
1 71 41
1 72 58
0 25
0 31
1 73 33
0 39
1 74 34
0 42
1 75 47
1 76 32
1 77 23
1 78 47
1 79 42
1 4 40
0 40
2 79
2 78
2 77
2 75
2 74
2 73
2 72
2 70
2 69
END_STATE
END_LABELED_STATE
BEGIN_LABELED_STATE
2
BEGIN_STATE
0 14
0 54
0 15
0 18
0 55
0 51
0 23
0 50
0 16
0 17
0 30
1 69 23
0 35
1 70 19
1 71 42
1 72 58
0 25
0 31
1 73 33
0 39
1 74 34
1 75 47
1 76 32
1 77 23
1 78 47
1 79 42
1 4 41
0 40
2 79
2 78
2 77
2 75
2 74
2 73
2 72
2 71
2 70
2 69
END_STATE
END_LABELED_STATE
BEGIN_LABELED_STATE
1
BEGIN_STATE
0 14
0 54
0 15
0 18
0 55
0 51
0 23
0 50
0 16
0 17
0 30
1 69 23
0 35
1 70 19
1 71 42
1 72 58
0 31
1 73 25
0 39
1 74 34
1 75 47
1 76 32
1 77 23
1 78 47
1 79 42
1 4 33
0 40
0 41
2 79
2 78
2 77
2 75
2 74
2 73
2 72
2 71
2 70
2 69
END_STATE
END_LABELED_STATE
BEGIN_LABELED_STATE
0
BEGIN_STATE
0 14
0 54
0 15
0 18
0 55
0 51
0 23
0 50
0 16
0 17
0 30
1 69 23
0 35
1 70 19
1 71 42
1 72 58
1 73 25
0 39
1 74 34
1 75 47
1 76 31
1 77 23
1 78 47
0 33
1 79 42
1 4 32
0 40
0 41
2 79
2 78
2 77
2 76
2 75
2 74
2 73
2 72
2 71
2 70
2 69
END_STATE
END_LABELED_STATE
END_STATE_LIST
