BEGIN_TYPES
0 -1 object
1 0 thing
2 0 location
3 0 direction
4 1 player
5 1 stone
END_TYPES
BEGIN_OBJECTS
0 3 dir-down
1 3 dir-left
2 3 dir-right
3 3 dir-up
4 4 player-01
5 2 pos-01-01
6 2 pos-01-02
7 2 pos-01-03
8 2 pos-01-04
9 2 pos-01-05
10 2 pos-01-06
11 2 pos-01-07
12 2 pos-01-08
13 2 pos-01-09
14 2 pos-01-10
15 2 pos-02-01
16 2 pos-02-02
17 2 pos-02-03
18 2 pos-02-04
19 2 pos-02-05
20 2 pos-02-06
21 2 pos-02-07
22 2 pos-02-08
23 2 pos-02-09
24 2 pos-02-10
25 2 pos-03-01
26 2 pos-03-02
27 2 pos-03-03
28 2 pos-03-04
29 2 pos-03-05
30 2 pos-03-06
31 2 pos-03-07
32 2 pos-03-08
33 2 pos-03-09
34 2 pos-03-10
35 2 pos-04-01
36 2 pos-04-02
37 2 pos-04-03
38 2 pos-04-04
39 2 pos-04-05
40 2 pos-04-06
41 2 pos-04-07
42 2 pos-04-08
43 2 pos-04-09
44 2 pos-04-10
45 2 pos-05-01
46 2 pos-05-02
47 2 pos-05-03
48 2 pos-05-04
49 2 pos-05-05
50 2 pos-05-06
51 2 pos-05-07
52 2 pos-05-08
53 2 pos-05-09
54 2 pos-05-10
55 2 pos-06-01
56 2 pos-06-02
57 2 pos-06-03
58 2 pos-06-04
59 2 pos-06-05
60 2 pos-06-06
61 2 pos-06-07
62 2 pos-06-08
63 2 pos-06-09
64 2 pos-06-10
65 2 pos-07-01
66 2 pos-07-02
67 2 pos-07-03
68 2 pos-07-04
69 2 pos-07-05
70 2 pos-07-06
71 2 pos-07-07
72 2 pos-07-08
73 2 pos-07-09
74 2 pos-07-10
75 2 pos-08-01
76 2 pos-08-02
77 2 pos-08-03
78 2 pos-08-04
79 2 pos-08-05
80 2 pos-08-06
81 2 pos-08-07
82 2 pos-08-08
83 2 pos-08-09
84 2 pos-08-10
85 2 pos-09-01
86 2 pos-09-02
87 2 pos-09-03
88 2 pos-09-04
89 2 pos-09-05
90 2 pos-09-06
91 2 pos-09-07
92 2 pos-09-08
93 2 pos-09-09
94 2 pos-09-10
95 2 pos-10-01
96 2 pos-10-02
97 2 pos-10-03
98 2 pos-10-04
99 2 pos-10-05
100 2 pos-10-06
101 2 pos-10-07
102 2 pos-10-08
103 2 pos-10-09
104 2 pos-10-10
105 5 stone-01
106 5 stone-02
107 5 stone-03
108 5 stone-04
END_OBJECTS
BEGIN_PREDICATES
0 2 clear
1 1 2 at
2 5 at-goal
3 2 is-goal
4 2 is-nongoal
5 2 2 3 move-dir
END_PREDICATES
BEGIN_GOAL
2 105
2 106
2 107
2 108
END_GOAL
BEGIN_ACTIONS
END_ACTIONS
BEGIN_STATIC_FACTS
4 87
4 65
4 85
5 18 17 3
5 60 70 2
5 37 38 0
5 27 28 0
0 20
5 85 95 2
5 48 58 2
4 74
3 72
5 75 85 2
4 104
5 42 43 0
4 96
5 52 62 2
4 44
4 93
5 13 12 3
5 41 40 3
5 96 86 1
4 83
4 10
4 22
5 75 65 1
5 95 85 1
5 80 90 2
5 80 81 0
5 76 86 2
4 9
4 5
4 58
5 83 73 1
5 38 39 0
5 62 72 2
4 39
4 77
5 48 38 1
5 20 10 1
5 53 52 3
5 17 27 2
5 38 37 3
4 86
0 65
5 46 47 0
4 24
4 46
0 85
4 43
0 87
5 70 60 1
5 48 47 3
5 43 53 2
4 57
4 30
4 40
4 89
4 101
4 15
4 80
5 40 41 0
4 61
5 36 26 1
4 16
5 96 95 3
0 96
0 104
4 100
5 39 38 3
4 32
5 104 103 3
0 10
5 97 96 3
4 31
4 34
4 73
5 85 75 1
0 5
5 79 69 1
5 28 38 2
5 69 79 2
4 14
5 10 20 2
4 95
4 38
5 91 81 1
5 11 10 3
5 28 27 3
5 39 40 0
5 59 58 3
5 72 71 3
5 73 83 2
5 80 79 3
5 87 86 3
0 86
4 18
5 37 47 2
4 49
4 97
4 51
5 82 81 3
5 103 104 0
4 63
5 11 12 0
4 45
4 13
5 43 33 1
4 26
4 88
4 27
5 10 11 0
5 83 82 3
4 68
5 58 48 1
5 59 60 0
4 54
5 38 28 1
4 29
4 7
5 71 70 3
5 71 72 0
4 92
4 56
4 102
3 70
5 42 32 1
5 72 73 0
4 60
5 38 48 2
5 26 36 2
4 75
5 70 71 0
5 86 87 0
5 58 57 3
4 48
4 78
0 14
0 95
5 12 11 3
5 91 90 3
4 12
5 28 18 1
5 82 83 0
5 68 69 0
5 27 17 1
5 14 13 3
5 72 62 1
5 81 71 1
5 82 72 1
4 84
4 99
0 97
5 72 82 2
5 52 53 0
5 47 46 3
4 42
4 103
4 66
5 42 41 3
5 47 48 0
3 69
5 75 76 0
5 81 91 2
4 98
0 13
5 33 32 3
4 53
4 79
4 62
4 41
4 25
4 11
5 98 97 3
0 75
5 12 13 0
5 13 14 0
5 85 86 0
5 26 27 0
4 81
5 27 26 3
4 35
4 82
0 12
5 18 28 2
5 79 80 0
5 37 36 3
4 33
5 33 43 2
5 62 52 1
5 69 70 0
5 43 42 3
5 95 96 0
5 97 98 0
4 52
5 96 97 0
5 68 58 1
4 28
0 103
4 17
5 90 91 0
5 97 87 1
4 21
0 98
4 64
5 69 68 3
5 27 37 2
4 47
4 67
5 81 82 0
4 8
4 37
4 76
5 47 57 2
5 46 36 1
0 11
5 86 85 3
5 70 80 2
5 65 75 2
4 59
4 6
4 55
5 42 52 2
5 71 81 2
5 86 76 1
5 53 43 1
5 90 80 1
4 19
5 58 59 0
5 73 72 3
4 91
5 32 33 0
4 20
5 59 69 2
4 23
5 40 39 3
5 69 59 1
5 41 42 0
5 36 46 2
4 36
5 57 47 1
5 81 80 3
5 36 37 0
4 50
5 87 97 2
5 17 18 0
5 60 59 3
5 70 69 3
4 90
5 57 58 0
4 94
3 71
5 37 27 1
5 32 42 2
5 52 42 1
0 76
5 86 96 2
5 58 68 2
5 47 37 1
5 80 70 1
5 76 75 3
END_STATIC_FACTS
BEGIN_STATE_LIST
BEGIN_LABELED_STATE
0
BEGIN_STATE
0 17
0 18
0 53
0 73
0 90
0 43
0 36
0 27
0 47
0 39
0 52
0 26
0 82
0 58
0 48
0 70
0 37
1 105 37
0 38
1 106 32
1 107 57
1 108 91
1 4 80
2 108
2 107
2 106
2 105
END_STATE
END_LABELED_STATE
BEGIN_LABELED_STATE
0
BEGIN_STATE
0 17
0 32
0 53
0 73
0 27
0 47
0 69
0 41
0 46
0 82
0 57
0 59
0 81
0 68
0 72
0 58
0 48
0 70
1 105 42
1 106 60
1 107 62
1 108 43
1 4 40
2 108
2 107
2 106
2 105
END_STATE
END_LABELED_STATE
BEGIN_LABELED_STATE
0
BEGIN_STATE
0 17
0 18
0 83
0 91
0 36
0 69
0 41
0 52
0 26
0 46
0 28
0 40
0 62
0 59
0 79
0 68
0 72
0 37
1 105 17
0 38
1 106 59
1 107 83
1 108 57
1 4 27
2 108
2 107
2 106
2 105
END_STATE
END_LABELED_STATE
BEGIN_LABELED_STATE
0
BEGIN_STATE
0 17
0 18
0 33
0 53
0 73
0 83
0 43
0 36
0 27
0 69
0 41
0 39
0 52
0 26
0 46
0 59
0 79
0 81
0 68
0 72
0 60
0 80
0 58
0 71
0 48
1 105 69
0 38
1 106 17
1 107 36
1 108 28
1 4 80
2 108
2 107
2 106
2 105
END_STATE
END_LABELED_STATE
BEGIN_LABELED_STATE
0
BEGIN_STATE
0 17
0 18
0 32
0 53
0 90
0 91
0 47
0 39
0 52
0 40
0 42
0 57
0 79
0 81
0 68
0 80
0 58
0 37
1 105 17
0 38
1 106 39
1 107 73
1 108 73
1 4 52
2 108
2 107
2 106
2 105
END_STATE
END_LABELED_STATE
BEGIN_LABELED_STATE
0
BEGIN_STATE
0 32
0 33
0 83
0 91
0 27
0 47
0 69
0 41
0 52
0 26
0 46
0 28
0 40
0 59
0 81
0 72
0 71
0 70
0 37
1 105 41
0 38
1 106 81
1 107 43
1 108 26
1 4 79
2 108
2 107
2 106
2 105
END_STATE
END_LABELED_STATE
BEGIN_LABELED_STATE
0
BEGIN_STATE
0 17
0 18
0 53
0 73
0 83
0 90
0 43
0 27
0 41
0 42
0 62
0 57
0 79
0 68
0 72
0 58
0 70
1 105 41
0 38
1 106 70
1 107 82
1 108 81
1 4 47
2 108
2 107
2 106
2 105
END_STATE
END_LABELED_STATE
BEGIN_LABELED_STATE
0
BEGIN_STATE
0 32
0 53
0 73
0 91
0 27
0 41
0 26
0 46
0 57
0 59
0 79
0 68
0 72
0 60
0 80
0 58
0 70
0 37
1 105 52
0 38
1 106 72
1 107 27
1 108 43
1 4 43
2 108
2 107
2 106
2 105
END_STATE
END_LABELED_STATE
BEGIN_LABELED_STATE
0
BEGIN_STATE
0 17
0 18
0 32
0 83
0 91
0 47
0 41
0 52
0 26
0 46
0 28
0 40
0 42
0 62
0 59
0 81
0 72
0 60
0 48
0 70
1 105 69
1 106 48
1 107 73
1 108 17
1 4 83
2 108
2 107
2 106
2 105
END_STATE
END_LABELED_STATE
BEGIN_LABELED_STATE
0
BEGIN_STATE
0 17
0 18
0 32
0 73
0 83
0 91
0 36
0 47
0 41
0 52
0 46
0 28
0 42
0 62
0 79
0 81
0 72
0 60
0 80
0 58
0 48
0 70
0 37
1 105 91
1 106 68
1 107 41
1 108 46
1 4 62
2 108
2 107
2 106
2 105
END_STATE
END_LABELED_STATE
BEGIN_LABELED_STATE
0
BEGIN_STATE
0 18
0 73
0 36
0 41
0 28
0 42
0 62
0 82
0 59
0 79
0 81
0 68
0 72
0 48
0 70
1 105 71
0 38
1 106 62
1 107 26
1 108 90
1 4 71
2 108
2 107
2 106
2 105
END_STATE
END_LABELED_STATE
BEGIN_LABELED_STATE
0
BEGIN_STATE
0 17
0 32
0 33
0 53
0 73
0 83
0 43
0 36
0 52
0 26
0 40
0 42
0 62
0 82
0 79
0 81
0 72
0 58
0 71
0 70
0 37
1 105 36
0 38
1 106 59
1 107 69
1 108 70
1 4 91
2 108
2 107
2 106
2 105
END_STATE
END_LABELED_STATE
BEGIN_LABELED_STATE
0
BEGIN_STATE
0 17
0 73
0 90
0 91
0 43
0 27
0 52
0 26
0 28
0 42
0 62
0 82
0 81
0 68
0 72
0 80
0 71
0 48
0 70
1 105 46
0 38
1 106 41
1 107 82
1 108 83
1 4 73
2 108
2 107
2 106
2 105
END_STATE
END_LABELED_STATE
BEGIN_LABELED_STATE
0
BEGIN_STATE
0 32
0 33
0 53
0 90
0 91
0 43
0 47
0 62
0 57
0 59
0 81
0 68
0 72
0 71
0 48
1 105 47
1 106 46
1 107 46
1 108 38
1 4 71
2 108
2 107
2 106
2 105
END_STATE
END_LABELED_STATE
BEGIN_LABELED_STATE
0
BEGIN_STATE
0 17
0 32
0 33
0 53
0 91
0 36
0 41
0 52
0 46
0 40
0 42
0 62
0 82
0 59
0 68
0 60
0 71
0 70
0 37
1 105 83
0 38
1 106 36
1 107 48
1 108 40
1 4 68
2 108
2 107
2 106
2 105
END_STATE
END_LABELED_STATE
BEGIN_LABELED_STATE
0
BEGIN_STATE
0 32
0 33
0 73
0 90
0 36
0 41
0 39
0 26
0 42
0 62
0 57
0 59
0 80
0 58
0 48
1 105 57
0 38
1 106 70
1 107 81
1 108 18
1 4 32
2 108
2 107
2 106
2 105
END_STATE
END_LABELED_STATE
BEGIN_LABELED_STATE
0
BEGIN_STATE
0 18
0 32
0 53
0 90
0 91
0 43
0 36
0 27
0 47
0 69
0 41
0 39
0 52
0 26
0 46
0 28
0 40
0 62
0 82
0 57
0 59
0 81
0 72
0 60
0 58
0 71
0 48
1 105 38
1 106 73
1 107 37
1 108 59
1 4 52
2 108
2 107
2 106
2 105
END_STATE
END_LABELED_STATE
BEGIN_LABELED_STATE
0
BEGIN_STATE
0 17
0 32
0 53
0 83
0 90
0 36
0 27
0 52
0 26
0 40
0 82
0 57
0 68
0 60
0 58
0 71
1 105 71
0 38
1 106 48
1 107 28
1 108 28
1 4 82
2 108
2 107
2 106
2 105
END_STATE
END_LABELED_STATE
BEGIN_LABELED_STATE
0
BEGIN_STATE
0 18
0 83
0 43
0 36
0 69
0 26
0 42
0 62
0 82
0 59
0 79
0 81
0 68
0 80
0 48
0 70
1 105 81
1 106 33
1 107 27
1 108 41
1 4 47
2 108
2 107
2 106
2 105
END_STATE
END_LABELED_STATE
BEGIN_LABELED_STATE
0
BEGIN_STATE
0 17
0 53
0 36
0 27
0 47
0 41
0 39
0 28
0 42
0 57
0 79
0 68
0 60
0 70
0 37
1 105 41
1 106 53
1 107 18
1 108 81
1 4 80
2 108
2 107
2 106
2 105
END_STATE
END_LABELED_STATE
BEGIN_LABELED_STATE
0
BEGIN_STATE
0 17
0 32
0 53
0 83
0 90
0 43
0 47
0 69
0 39
0 26
0 42
0 82
0 57
0 59
0 79
0 72
0 80
0 71
0 48
0 37
1 105 17
1 106 28
1 107 33
1 108 18
1 4 70
2 108
2 107
2 106
2 105
END_STATE
END_LABELED_STATE
BEGIN_LABELED_STATE
0
BEGIN_STATE
0 17
0 18
0 73
0 90
0 27
0 47
0 69
0 39
0 26
0 46
0 42
0 62
0 82
0 59
0 68
0 72
0 60
0 80
0 58
0 48
0 70
0 37
1 105 72
1 106 82
1 107 52
1 108 38
1 4 18
2 108
2 107
2 106
2 105
END_STATE
END_LABELED_STATE
BEGIN_LABELED_STATE
0
BEGIN_STATE
0 18
0 32
0 33
0 73
0 83
0 36
0 47
0 69
0 26
0 46
0 40
0 42
0 62
0 79
0 81
0 58
0 71
0 48
0 70
0 37
1 105 62
1 106 57
1 107 42
1 108 40
1 4 59
2 108
2 107
2 106
2 105
END_STATE
END_LABELED_STATE
BEGIN_LABELED_STATE
0
BEGIN_STATE
0 17
0 18
0 32
0 53
0 73
0 47
0 69
0 41
0 52
0 26
0 28
0 82
0 59
0 81
0 68
0 72
0 60
0 70
0 37
1 105 42
1 106 82
1 107 81
1 108 47
1 4 70
2 108
2 107
2 106
2 105
END_STATE
END_LABELED_STATE
BEGIN_LABELED_STATE
0
BEGIN_STATE
0 32
0 53
0 73
0 90
0 43
0 36
0 27
0 47
0 69
0 41
0 39
0 26
0 46
0 40
0 42
0 57
0 59
0 79
0 81
0 60
0 80
0 37
1 105 73
1 106 47
1 107 69
1 108 32
1 4 91
2 108
2 107
2 106
2 105
END_STATE
END_LABELED_STATE
BEGIN_LABELED_STATE
0
BEGIN_STATE
0 17
0 18
0 33
0 43
0 36
0 27
0 69
0 46
0 40
0 42
0 62
0 82
0 57
0 79
0 81
0 68
0 60
0 58
0 48
0 37
1 105 69
1 106 17
1 107 37
1 108 41
1 4 33
2 108
2 107
2 106
2 105
END_STATE
END_LABELED_STATE
BEGIN_LABELED_STATE
2
BEGIN_STATE
0 17
0 33
0 83
0 90
0 91
0 43
0 47
0 69
0 52
0 28
0 42
0 62
0 82
0 57
0 81
0 68
0 72
0 80
0 71
0 48
0 37
1 105 38
0 38
1 106 28
1 107 70
1 108 62
1 4 70
2 108
2 106
2 105
END_STATE
END_LABELED_STATE
BEGIN_LABELED_STATE
1
BEGIN_STATE
0 17
0 33
0 83
0 90
0 91
0 43
0 47
0 52
0 28
0 42
0 62
0 82
0 57
0 81
0 68
0 72
0 80
0 71
0 48
0 70
0 37
1 105 38
0 38
1 106 28
1 107 70
1 108 62
1 4 69
2 108
2 106
2 105
END_STATE
END_LABELED_STATE
BEGIN_LABELED_STATE
0
BEGIN_STATE
0 17
0 33
0 83
0 90
0 91
0 43
0 47
0 69
0 52
0 28
0 42
0 62
0 82
0 57
0 81
0 68
0 72
0 80
0 48
0 70
0 37
1 105 38
0 38
1 106 28
1 107 71
1 108 62
1 4 70
2 108
2 107
2 106
2 105
END_STATE
END_LABELED_STATE
BEGIN_LABELED_STATE
0
BEGIN_STATE
0 53
0 91
0 43
0 27
0 41
0 42
0 62
0 57
0 59
0 79
0 81
0 68
0 60
0 80
0 48
1 105 39
1 106 27
1 107 58
1 108 58
1 4 37
2 108
2 107
2 106
2 105
END_STATE
END_LABELED_STATE
BEGIN_LABELED_STATE
0
BEGIN_STATE
0 17
0 18
0 32
0 33
0 90
0 91
0 43
0 27
0 47
0 41
0 39
0 26
0 46
0 62
0 82
0 57
0 59
0 79
0 68
0 60
0 80
0 58
0 48
0 37
1 105 83
0 38
1 106 40
1 107 38
1 108 59
1 4 37
2 108
2 107
2 106
2 105
END_STATE
END_LABELED_STATE
BEGIN_LABELED_STATE
0
BEGIN_STATE
0 17
0 18
0 32
0 53
0 73
0 83
0 91
0 43
0 47
0 41
0 39
0 42
0 62
0 82
0 59
0 68
0 80
0 58
0 48
0 70
1 105 68
0 38
1 106 37
1 107 52
1 108 68
1 4 60
2 108
2 107
2 106
2 105
END_STATE
END_LABELED_STATE
BEGIN_LABELED_STATE
0
BEGIN_STATE
0 17
0 32
0 33
0 53
0 73
0 91
0 27
0 47
0 41
0 26
0 28
0 62
0 82
0 57
0 68
0 72
0 60
0 58
0 71
0 48
0 37
1 105 81
1 106 28
1 107 36
1 108 79
1 4 18
2 108
2 107
2 106
2 105
END_STATE
END_LABELED_STATE
BEGIN_LABELED_STATE
0
BEGIN_STATE
0 32
0 33
0 73
0 83
0 90
0 91
0 41
0 52
0 26
0 46
0 40
0 62
0 57
0 72
0 80
0 71
0 70
0 37
1 105 73
0 38
1 106 58
1 107 47
1 108 28
1 4 26
2 108
2 107
2 106
2 105
END_STATE
END_LABELED_STATE
BEGIN_LABELED_STATE
0
BEGIN_STATE
0 18
0 33
0 53
0 73
0 83
0 91
0 36
0 27
0 69
0 46
0 40
0 42
0 62
0 82
0 68
0 72
0 58
0 37
1 105 72
0 38
1 106 73
1 107 90
1 108 57
1 4 27
2 108
2 107
2 106
2 105
END_STATE
END_LABELED_STATE
BEGIN_LABELED_STATE
0
BEGIN_STATE
0 18
0 33
0 53
0 73
0 83
0 90
0 43
0 27
0 69
0 52
0 26
0 46
0 40
0 42
0 72
0 80
0 48
1 105 68
0 38
1 106 52
1 107 81
1 108 18
1 4 46
2 108
2 107
2 106
2 105
END_STATE
END_LABELED_STATE
BEGIN_LABELED_STATE
0
BEGIN_STATE
0 18
0 32
0 33
0 53
0 90
0 43
0 47
0 39
0 46
0 79
0 80
0 71
1 105 62
1 106 27
1 107 18
1 108 28
1 4 82
2 108
2 107
2 106
2 105
END_STATE
END_LABELED_STATE
BEGIN_LABELED_STATE
0
BEGIN_STATE
0 17
0 33
0 53
0 73
0 83
0 90
0 91
0 43
0 36
0 47
0 69
0 52
0 26
0 28
0 40
0 42
0 62
0 82
0 59
0 79
0 81
0 68
0 72
0 60
0 71
0 70
1 105 70
0 38
1 106 36
1 107 58
1 108 41
1 4 41
2 108
2 107
2 106
2 105
END_STATE
END_LABELED_STATE
BEGIN_LABELED_STATE
0
BEGIN_STATE
0 18
0 53
0 83
0 90
0 43
0 47
0 26
0 46
0 42
0 57
0 79
0 81
0 60
0 71
0 70
0 37
1 105 26
0 38
1 106 27
1 107 57
1 108 68
1 4 38
2 108
2 107
2 106
2 105
END_STATE
END_LABELED_STATE
BEGIN_LABELED_STATE
0
BEGIN_STATE
0 18
0 53
0 73
0 91
0 36
0 27
0 46
0 42
0 62
0 57
0 81
0 72
0 60
0 80
0 70
1 105 91
0 38
1 106 81
1 107 41
1 108 52
1 4 71
2 108
2 107
2 106
2 105
END_STATE
END_LABELED_STATE
BEGIN_LABELED_STATE
0
BEGIN_STATE
0 18
0 33
0 53
0 73
0 43
0 36
0 27
0 41
0 39
0 26
0 46
0 62
0 82
0 57
0 59
0 79
0 68
0 60
0 58
0 71
0 48
1 105 18
0 38
1 106 47
1 107 81
1 108 80
1 4 69
2 108
2 107
2 106
2 105
END_STATE
END_LABELED_STATE
BEGIN_LABELED_STATE
0
BEGIN_STATE
0 18
0 32
0 53
0 83
0 90
0 36
0 69
0 41
0 52
0 26
0 46
0 62
0 57
0 81
0 68
0 60
0 48
1 105 71
0 38
1 106 62
1 107 43
1 108 83
1 4 62
2 108
2 107
2 106
2 105
END_STATE
END_LABELED_STATE
BEGIN_LABELED_STATE
0
BEGIN_STATE
0 17
0 18
0 32
0 73
0 83
0 90
0 43
0 36
0 47
0 69
0 41
0 39
0 40
0 82
0 59
0 81
0 68
0 60
0 71
0 48
0 70
0 37
1 105 42
1 106 36
1 107 27
1 108 91
1 4 57
2 108
2 107
2 106
2 105
END_STATE
END_LABELED_STATE
BEGIN_LABELED_STATE
0
BEGIN_STATE
0 33
0 53
0 73
0 91
0 27
0 47
0 69
0 41
0 39
0 52
0 26
0 46
0 40
0 42
0 62
0 79
0 72
0 80
0 58
0 48
0 70
1 105 81
0 38
1 106 38
1 107 80
1 108 72
1 4 70
2 108
2 107
2 106
2 105
END_STATE
END_LABELED_STATE
BEGIN_LABELED_STATE
0
BEGIN_STATE
0 17
0 18
0 32
0 33
0 53
0 73
0 83
0 43
0 27
0 47
0 41
0 52
0 26
0 28
0 42
0 79
0 72
0 37
1 105 83
1 106 40
1 107 48
1 108 69
1 4 42
2 108
2 107
2 106
2 105
END_STATE
END_LABELED_STATE
BEGIN_LABELED_STATE
0
BEGIN_STATE
0 18
0 32
0 53
0 90
0 43
0 36
0 69
0 41
0 26
0 46
0 28
0 62
0 82
0 57
0 59
0 79
0 68
0 58
0 71
1 105 59
1 106 33
1 107 28
1 108 42
1 4 91
2 108
2 107
2 106
2 105
END_STATE
END_LABELED_STATE
BEGIN_LABELED_STATE
0
BEGIN_STATE
0 17
0 18
0 90
0 27
0 69
0 28
0 62
0 57
0 68
0 72
0 60
0 71
0 48
1 105 57
1 106 83
1 107 40
1 108 36
1 4 40
2 108
2 107
2 106
2 105
END_STATE
END_LABELED_STATE
BEGIN_LABELED_STATE
0
BEGIN_STATE
0 32
0 33
0 53
0 73
0 83
0 90
0 27
0 47
0 69
0 41
0 40
0 79
0 60
0 58
0 48
0 70
0 37
1 105 62
0 38
1 106 48
1 107 80
1 108 47
1 4 42
2 108
2 107
2 106
2 105
END_STATE
END_LABELED_STATE
BEGIN_LABELED_STATE
0
BEGIN_STATE
0 18
0 32
0 33
0 53
0 83
0 90
0 43
0 36
0 27
0 47
0 39
0 26
0 46
0 82
0 57
0 68
0 80
0 58
0 48
0 70
1 105 59
0 38
1 106 47
1 107 80
1 108 52
1 4 18
2 108
2 107
2 106
2 105
END_STATE
END_LABELED_STATE
BEGIN_LABELED_STATE
1
BEGIN_STATE
0 17
0 32
0 53
0 83
0 90
0 43
0 69
0 46
0 28
0 42
0 82
0 57
0 59
0 81
0 80
0 58
0 71
0 48
0 37
1 105 62
0 38
1 106 33
1 107 70
1 108 72
1 4 71
2 108
2 106
2 105
END_STATE
END_LABELED_STATE
BEGIN_LABELED_STATE
0
BEGIN_STATE
0 17
0 32
0 53
0 83
0 90
0 43
0 46
0 28
0 42
0 82
0 57
0 59
0 81
0 80
0 58
0 71
0 48
0 37
1 105 62
0 38
1 106 33
1 107 69
1 108 72
1 4 70
2 108
2 107
2 106
2 105
END_STATE
END_LABELED_STATE
BEGIN_LABELED_STATE
0
BEGIN_STATE
0 17
0 33
0 83
0 91
0 36
0 47
0 26
0 28
0 40
0 42
0 82
0 59
0 80
0 71
1 105 80
0 38
1 106 17
1 107 83
1 108 81
1 4 38
2 108
2 107
2 106
2 105
END_STATE
END_LABELED_STATE
BEGIN_LABELED_STATE
0
BEGIN_STATE
0 18
0 53
0 90
0 91
0 36
0 47
0 69
0 46
0 28
0 40
0 42
0 72
0 80
0 71
0 70
1 105 52
0 38
1 106 72
1 107 57
1 108 60
1 4 42
2 108
2 107
2 106
2 105
END_STATE
END_LABELED_STATE
BEGIN_LABELED_STATE
0
BEGIN_STATE
0 17
0 18
0 83
0 90
0 36
0 27
0 47
0 39
0 52
0 46
0 82
0 57
0 59
0 79
0 81
0 72
0 60
0 71
0 48
0 37
1 105 83
1 106 48
1 107 81
1 108 80
1 4 80
2 108
2 107
2 106
2 105
END_STATE
END_LABELED_STATE
BEGIN_LABELED_STATE
0
BEGIN_STATE
0 32
0 53
0 73
0 83
0 47
0 69
0 41
0 39
0 26
0 28
0 42
0 62
0 82
0 59
0 81
0 68
0 72
0 70
0 37
1 105 28
0 38
1 106 79
1 107 37
1 108 27
1 4 48
2 108
2 107
2 106
2 105
END_STATE
END_LABELED_STATE
BEGIN_LABELED_STATE
0
BEGIN_STATE
0 33
0 53
0 73
0 83
0 36
0 27
0 47
0 69
0 41
0 39
0 52
0 26
0 62
0 59
0 68
0 80
0 58
0 71
1 105 69
1 106 58
1 107 58
1 108 53
1 4 47
2 108
2 107
2 106
2 105
END_STATE
END_LABELED_STATE
BEGIN_LABELED_STATE
0
BEGIN_STATE
0 32
0 33
0 73
0 83
0 43
0 36
0 27
0 41
0 39
0 46
0 28
0 42
0 62
0 82
0 57
0 59
0 81
0 80
0 71
0 48
0 70
0 37
1 105 53
0 38
1 106 90
1 107 39
1 108 18
1 4 26
2 108
2 107
2 106
2 105
END_STATE
END_LABELED_STATE
BEGIN_LABELED_STATE
0
BEGIN_STATE
0 17
0 53
0 83
0 90
0 91
0 47
0 39
0 26
0 28
0 40
0 62
0 57
0 59
0 68
0 60
0 80
0 48
1 105 37
0 38
1 106 36
1 107 83
1 108 59
1 4 17
2 108
2 107
2 106
2 105
END_STATE
END_LABELED_STATE
BEGIN_LABELED_STATE
0
BEGIN_STATE
0 17
0 53
0 36
0 47
0 69
0 41
0 26
0 28
0 40
0 62
0 82
0 59
0 81
0 60
0 80
0 71
0 48
1 105 17
0 38
1 106 90
1 107 62
1 108 38
1 4 40
2 108
2 107
2 106
2 105
END_STATE
END_LABELED_STATE
BEGIN_LABELED_STATE
0
BEGIN_STATE
0 17
0 32
0 33
0 73
0 91
0 27
0 26
0 46
0 40
0 42
0 57
0 59
0 79
0 81
0 68
0 60
0 80
0 48
0 37
1 105 73
0 38
1 106 59
1 107 72
1 108 72
1 4 79
2 108
2 107
2 106
2 105
END_STATE
END_LABELED_STATE
BEGIN_LABELED_STATE
0
BEGIN_STATE
0 32
0 83
0 91
0 43
0 36
0 27
0 69
0 41
0 39
0 26
0 46
0 40
0 62
0 57
0 59
0 68
0 60
0 58
0 71
0 48
0 70
0 37
1 105 71
1 106 91
1 107 43
1 108 59
1 4 72
2 108
2 107
2 106
2 105
END_STATE
END_LABELED_STATE
BEGIN_LABELED_STATE
2
BEGIN_STATE
0 18
0 33
0 53
0 90
0 36
0 27
0 69
0 26
0 46
0 28
0 42
0 62
0 82
0 57
0 79
0 68
0 80
0 58
0 70
1 105 69
1 106 82
1 107 28
1 108 28
1 4 58
2 108
2 107
2 106
END_STATE
END_LABELED_STATE
BEGIN_LABELED_STATE
1
BEGIN_STATE
0 18
0 33
0 53
0 90
0 36
0 27
0 69
0 26
0 46
0 28
0 42
0 62
0 82
0 57
0 79
0 80
0 58
0 70
1 105 69
1 106 82
1 107 28
1 108 28
1 4 68
2 108
2 107
2 106
END_STATE
END_LABELED_STATE
BEGIN_LABELED_STATE
0
BEGIN_STATE
0 18
0 33
0 53
0 90
0 36
0 27
0 69
0 26
0 46
0 28
0 42
0 62
0 82
0 57
0 79
0 68
0 80
0 58
1 105 70
1 106 82
1 107 28
1 108 28
1 4 69
2 108
2 107
2 106
2 105
END_STATE
END_LABELED_STATE
BEGIN_LABELED_STATE
0
BEGIN_STATE
0 18
0 53
0 73
0 83
0 27
0 47
0 69
0 52
0 26
0 40
0 62
0 82
0 57
0 79
0 81
0 72
0 60
0 58
0 37
1 105 71
1 106 37
1 107 83
1 108 72
1 4 32
2 108
2 107
2 106
2 105
END_STATE
END_LABELED_STATE
BEGIN_LABELED_STATE
0
BEGIN_STATE
0 17
0 18
0 33
0 53
0 83
0 90
0 91
0 27
0 69
0 41
0 26
0 28
0 40
0 42
0 57
0 60
0 58
0 71
0 48
0 37
1 105 69
1 106 41
1 107 40
1 108 80
1 4 37
2 108
2 107
2 106
2 105
END_STATE
END_LABELED_STATE
BEGIN_LABELED_STATE
0
BEGIN_STATE
0 18
0 53
0 90
0 91
0 43
0 36
0 47
0 69
0 41
0 52
0 40
0 42
0 62
0 82
0 81
0 72
0 48
1 105 32
1 106 47
1 107 42
1 108 80
1 4 43
2 108
2 107
2 106
2 105
END_STATE
END_LABELED_STATE
BEGIN_LABELED_STATE
0
BEGIN_STATE
0 17
0 18
0 32
0 33
0 90
0 91
0 36
0 69
0 41
0 52
0 26
0 62
0 82
0 57
0 79
0 81
0 68
0 72
0 60
1 105 57
1 106 32
1 107 37
1 108 26
1 4 73
2 108
2 107
2 106
2 105
END_STATE
END_LABELED_STATE
BEGIN_LABELED_STATE
0
BEGIN_STATE
0 17
0 18
0 32
0 53
0 90
0 91
0 43
0 36
0 47
0 69
0 26
0 40
0 42
0 82
0 57
0 68
0 72
0 60
0 71
0 37
1 105 48
0 38
1 106 80
1 107 53
1 108 80
1 4 82
2 108
2 107
2 106
2 105
END_STATE
END_LABELED_STATE
BEGIN_LABELED_STATE
0
BEGIN_STATE
0 18
0 32
0 33
0 53
0 73
0 90
0 43
0 27
0 47
0 69
0 41
0 39
0 26
0 28
0 42
0 82
0 57
0 68
0 60
0 80
0 71
0 48
0 37
1 105 72
1 106 40
1 107 41
1 108 82
1 4 73
2 108
2 107
2 106
2 105
END_STATE
END_LABELED_STATE
BEGIN_LABELED_STATE
0
BEGIN_STATE
0 17
0 32
0 33
0 73
0 90
0 43
0 36
0 47
0 69
0 39
0 26
0 28
0 62
0 79
0 81
0 60
0 58
0 48
0 70
0 37
1 105 18
1 106 71
1 107 40
1 108 83
1 4 69
2 108
2 107
2 106
2 105
END_STATE
END_LABELED_STATE
BEGIN_LABELED_STATE
0
BEGIN_STATE
0 32
0 33
0 83
0 91
0 27
0 69
0 39
0 52
0 28
0 42
0 62
0 82
0 79
0 72
0 60
0 80
0 70
0 37
1 105 46
1 106 79
1 107 26
1 108 40
1 4 38
2 108
2 107
2 106
2 105
END_STATE
END_LABELED_STATE
BEGIN_LABELED_STATE
0
BEGIN_STATE
0 17
0 32
0 33
0 53
0 83
0 90
0 91
0 43
0 36
0 47
0 41
0 52
0 26
0 46
0 40
0 42
0 62
0 82
0 57
0 71
1 105 42
1 106 72
1 107 33
1 108 73
1 4 17
2 108
2 107
2 106
2 105
END_STATE
END_LABELED_STATE
BEGIN_LABELED_STATE
0
BEGIN_STATE
0 18
0 32
0 33
0 53
0 73
0 90
0 91
0 43
0 36
0 39
0 52
0 26
0 40
0 42
0 62
0 81
0 68
0 72
0 71
0 70
1 105 48
1 106 57
1 107 40
1 108 91
1 4 73
2 108
2 107
2 106
2 105
END_STATE
END_LABELED_STATE
BEGIN_LABELED_STATE
0
BEGIN_STATE
0 17
0 32
0 33
0 43
0 52
0 26
0 42
0 62
0 81
0 60
0 80
0 58
0 48
0 70
1 105 26
0 38
1 106 71
1 107 60
1 108 90
1 4 81
2 108
2 107
2 106
2 105
END_STATE
END_LABELED_STATE
BEGIN_LABELED_STATE
0
BEGIN_STATE
0 17
0 18
0 32
0 33
0 53
0 73
0 83
0 43
0 47
0 41
0 46
0 28
0 40
0 62
0 82
0 48
0 70
1 105 70
0 38
1 106 83
1 107 62
1 108 68
1 4 52
2 108
2 107
2 106
2 105
END_STATE
END_LABELED_STATE
BEGIN_LABELED_STATE
0
BEGIN_STATE
0 18
0 33
0 53
0 73
0 83
0 90
0 27
0 69
0 41
0 26
0 46
0 40
0 42
0 82
0 79
0 68
0 60
0 48
0 70
1 105 40
0 38
1 106 73
1 107 73
1 108 60
1 4 91
2 108
2 107
2 106
2 105
END_STATE
END_LABELED_STATE
BEGIN_LABELED_STATE
0
BEGIN_STATE
0 32
0 33
0 73
0 27
0 47
0 69
0 39
0 52
0 46
0 28
0 40
0 59
0 79
0 81
0 60
0 71
0 70
1 105 91
1 106 62
1 107 71
1 108 70
1 4 40
2 108
2 107
2 106
2 105
END_STATE
END_LABELED_STATE
BEGIN_LABELED_STATE
0
BEGIN_STATE
0 32
0 33
0 43
0 27
0 41
0 39
0 52
0 26
0 46
0 28
0 40
0 62
0 82
0 57
0 81
0 72
0 80
0 58
0 71
0 48
1 105 46
0 38
1 106 40
1 107 79
1 108 71
1 4 71
2 108
2 107
2 106
2 105
END_STATE
END_LABELED_STATE
BEGIN_LABELED_STATE
0
BEGIN_STATE
0 18
0 32
0 33
0 36
0 47
0 69
0 39
0 26
0 46
0 28
0 42
0 62
0 82
0 68
0 72
0 60
0 71
0 48
0 37
1 105 73
0 38
1 106 57
1 107 57
1 108 72
1 4 37
2 108
2 107
2 106
2 105
END_STATE
END_LABELED_STATE
BEGIN_LABELED_STATE
0
BEGIN_STATE
0 18
0 32
0 33
0 53
0 83
0 90
0 91
0 36
0 27
0 47
0 26
0 28
0 62
0 82
0 57
0 59
0 81
0 68
0 72
0 58
0 71
0 48
0 70
0 37
1 105 41
1 106 82
1 107 52
1 108 18
1 4 80
2 108
2 107
2 106
2 105
END_STATE
END_LABELED_STATE
BEGIN_LABELED_STATE
5
BEGIN_STATE
0 33
0 73
0 27
0 69
0 41
0 46
0 40
0 42
0 62
0 82
0 57
0 79
0 72
0 80
0 58
0 71
0 70
0 37
1 105 60
0 38
1 106 18
1 107 47
1 108 52
1 4 39
2 107
2 106
2 105
END_STATE
END_LABELED_STATE
BEGIN_LABELED_STATE
4
BEGIN_STATE
0 33
0 73
0 27
0 69
0 41
0 39
0 46
0 42
0 62
0 82
0 57
0 79
0 72
0 80
0 58
0 71
0 70
0 37
1 105 60
0 38
1 106 18
1 107 47
1 108 52
1 4 40
2 107
2 106
2 105
END_STATE
END_LABELED_STATE
BEGIN_LABELED_STATE
3
BEGIN_STATE
0 33
0 73
0 27
0 69
0 39
0 46
0 40
0 42
0 62
0 82
0 57
0 79
0 72
0 80
0 58
0 71
0 70
0 37
1 105 60
0 38
1 106 18
1 107 47
1 108 52
1 4 41
2 107
2 106
2 105
END_STATE
END_LABELED_STATE
BEGIN_LABELED_STATE
2
BEGIN_STATE
0 33
0 73
0 27
0 69
0 41
0 39
0 46
0 40
0 62
0 82
0 57
0 79
0 72
0 80
0 58
0 71
0 70
0 37
1 105 60
0 38
1 106 18
1 107 47
1 108 52
1 4 42
2 107
2 106
2 105
END_STATE
END_LABELED_STATE
BEGIN_LABELED_STATE
1
BEGIN_STATE
0 33
0 73
0 27
0 69
0 41
0 39
0 46
0 40
0 42
0 82
0 57
0 79
0 72
0 80
0 58
0 71
0 70
0 37
1 105 60
0 38
1 106 18
1 107 47
1 108 62
1 4 52
2 107
2 106
2 105
END_STATE
END_LABELED_STATE
BEGIN_LABELED_STATE
0
BEGIN_STATE
0 33
0 73
0 27
0 69
0 41
0 39
0 52
0 46
0 40
0 42
0 82
0 57
0 79
0 80
0 58
0 71
0 70
0 37
1 105 60
0 38
1 106 18
1 107 47
1 108 72
1 4 62
2 108
2 107
2 106
2 105
END_STATE
END_LABELED_STATE
BEGIN_LABELED_STATE
0
BEGIN_STATE
0 17
0 18
0 32
0 53
0 73
0 83
0 90
0 43
0 27
0 47
0 28
0 59
0 72
0 60
0 80
0 58
0 71
0 48
1 105 32
0 38
1 106 60
1 107 33
1 108 38
1 4 27
2 108
2 107
2 106
2 105
END_STATE
END_LABELED_STATE
BEGIN_LABELED_STATE
0
BEGIN_STATE
0 17
0 33
0 53
0 73
0 91
0 43
0 36
0 27
0 47
0 69
0 39
0 26
0 46
0 40
0 62
0 59
0 79
0 68
0 72
0 48
0 70
0 37
1 105 43
1 106 18
1 107 48
1 108 53
1 4 27
2 108
2 107
2 106
2 105
END_STATE
END_LABELED_STATE
BEGIN_LABELED_STATE
0
BEGIN_STATE
0 17
0 18
0 33
0 83
0 91
0 43
0 36
0 47
0 69
0 41
0 39
0 46
0 40
0 42
0 82
0 57
0 81
0 60
0 80
0 58
0 48
0 70
0 37
1 105 68
0 38
1 106 90
1 107 37
1 108 82
1 4 59
2 108
2 107
2 106
2 105
END_STATE
END_LABELED_STATE
BEGIN_LABELED_STATE
0
BEGIN_STATE
0 18
0 32
0 53
0 90
0 91
0 27
0 69
0 39
0 52
0 40
0 42
0 62
0 79
0 81
0 80
0 48
0 70
0 37
1 105 18
1 106 37
1 107 71
1 108 60
1 4 62
2 108
2 107
2 106
2 105
END_STATE
END_LABELED_STATE
BEGIN_LABELED_STATE
0
BEGIN_STATE
0 32
0 33
0 73
0 27
0 47
0 41
0 28
0 42
0 82
0 79
0 81
0 68
0 72
0 60
0 80
0 48
1 105 27
1 106 38
1 107 62
1 108 91
1 4 43
2 108
2 107
2 106
2 105
END_STATE
END_LABELED_STATE
BEGIN_LABELED_STATE
0
BEGIN_STATE
0 17
0 18
0 32
0 33
0 73
0 90
0 91
0 43
0 36
0 46
0 28
0 42
0 62
0 57
0 79
0 81
0 68
0 72
0 60
1 105 71
0 38
1 106 41
1 107 17
1 108 71
1 4 46
2 108
2 107
2 106
2 105
END_STATE
END_LABELED_STATE
BEGIN_LABELED_STATE
0
BEGIN_STATE
0 32
0 73
0 90
0 43
0 36
0 47
0 69
0 41
0 26
0 28
0 62
0 82
0 57
0 79
0 81
0 72
0 60
0 71
0 70
0 37
1 105 38
0 38
1 106 71
1 107 26
1 108 48
1 4 47
2 108
2 107
2 106
2 105
END_STATE
END_LABELED_STATE
BEGIN_LABELED_STATE
0
BEGIN_STATE
0 17
0 18
0 32
0 33
0 53
0 47
0 69
0 52
0 26
0 46
0 40
0 62
0 79
0 60
0 80
0 48
0 37
1 105 40
1 106 53
1 107 79
1 108 90
1 4 68
2 108
2 107
2 106
2 105
END_STATE
END_LABELED_STATE
BEGIN_LABELED_STATE
0
BEGIN_STATE
0 17
0 18
0 33
0 53
0 91
0 36
0 47
0 69
0 52
0 26
0 46
0 28
0 40
0 57
0 81
0 72
0 60
0 58
0 71
0 37
1 105 48
1 106 37
1 107 18
1 108 32
1 4 39
2 108
2 107
2 106
2 105
END_STATE
END_LABELED_STATE
BEGIN_LABELED_STATE
0
BEGIN_STATE
0 17
0 53
0 73
0 90
0 36
0 27
0 41
0 52
0 26
0 46
0 28
0 40
0 82
0 57
0 59
0 81
0 72
0 60
0 71
0 48
0 70
0 37
1 105 62
0 38
1 106 73
1 107 62
1 108 58
1 4 58
2 108
2 107
2 106
2 105
END_STATE
END_LABELED_STATE
BEGIN_LABELED_STATE
0
BEGIN_STATE
0 17
0 18
0 32
0 91
0 47
0 41
0 46
0 28
0 42
0 62
0 57
0 72
0 60
0 58
0 71
0 70
1 105 69
1 106 18
1 107 59
1 108 42
1 4 62
2 108
2 107
2 106
2 105
END_STATE
END_LABELED_STATE
BEGIN_LABELED_STATE
0
BEGIN_STATE
0 18
0 33
0 73
0 83
0 43
0 69
0 41
0 39
0 28
0 40
0 42
0 57
0 68
0 60
0 58
0 71
0 48
0 70
1 105 57
1 106 62
1 107 27
1 108 69
1 4 90
2 108
2 107
2 106
2 105
END_STATE
END_LABELED_STATE
BEGIN_LABELED_STATE
3
BEGIN_STATE
0 32
0 33
0 53
0 90
0 36
0 27
0 69
0 39
0 52
0 28
0 40
0 42
0 82
0 79
0 81
0 68
0 72
0 60
0 80
0 58
0 71
0 70
0 37
1 105 17
1 106 32
1 107 57
1 108 71
1 4 81
2 107
2 106
2 105
END_STATE
END_LABELED_STATE
BEGIN_LABELED_STATE
2
BEGIN_STATE
0 32
0 33
0 53
0 90
0 36
0 27
0 69
0 39
0 52
0 28
0 40
0 42
0 79
0 81
0 68
0 72
0 60
0 80
0 58
0 71
0 70
0 37
1 105 17
1 106 32
1 107 57
1 108 71
1 4 82
2 107
2 106
2 105
END_STATE
END_LABELED_STATE
BEGIN_LABELED_STATE
1
BEGIN_STATE
0 32
0 33
0 53
0 90
0 36
0 27
0 69
0 39
0 52
0 28
0 40
0 42
0 82
0 79
0 81
0 68
0 60
0 80
0 58
0 71
0 70
0 37
1 105 17
1 106 32
1 107 57
1 108 71
1 4 72
2 107
2 106
2 105
END_STATE
END_LABELED_STATE
BEGIN_LABELED_STATE
0
BEGIN_STATE
0 32
0 33
0 53
0 90
0 36
0 27
0 69
0 39
0 52
0 28
0 40
0 42
0 82
0 79
0 81
0 68
0 72
0 60
0 80
0 58
0 71
0 37
1 105 17
1 106 32
1 107 57
1 108 70
1 4 71
2 108
2 107
2 106
2 105
END_STATE
END_LABELED_STATE
END_STATE_LIST
