BEGIN_TYPES
0 -1 object
1 0 thing
2 0 location
3 0 direction
4 1 player
5 1 stone
END_TYPES
BEGIN_OBJECTS
0 3 dir-down
1 3 dir-left
2 3 dir-right
3 3 dir-up
4 4 player-01
5 2 pos-01-01
6 2 pos-01-02
7 2 pos-01-03
8 2 pos-01-04
9 2 pos-01-05
10 2 pos-01-06
11 2 pos-01-07
12 2 pos-02-01
13 2 pos-02-02
14 2 pos-02-03
15 2 pos-02-04
16 2 pos-02-05
17 2 pos-02-06
18 2 pos-02-07
19 2 pos-03-01
20 2 pos-03-02
21 2 pos-03-03
22 2 pos-03-04
23 2 pos-03-05
24 2 pos-03-06
25 2 pos-03-07
26 2 pos-04-01
27 2 pos-04-02
28 2 pos-04-03
29 2 pos-04-04
30 2 pos-04-05
31 2 pos-04-06
32 2 pos-04-07
33 2 pos-05-01
34 2 pos-05-02
35 2 pos-05-03
36 2 pos-05-04
37 2 pos-05-05
38 2 pos-05-06
39 2 pos-05-07
40 2 pos-06-01
41 2 pos-06-02
42 2 pos-06-03
43 2 pos-06-04
44 2 pos-06-05
45 2 pos-06-06
46 2 pos-06-07
47 2 pos-07-01
48 2 pos-07-02
49 2 pos-07-03
50 2 pos-07-04
51 2 pos-07-05
52 2 pos-07-06
53 2 pos-07-07
54 2 pos-08-01
55 2 pos-08-02
56 2 pos-08-03
57 2 pos-08-04
58 2 pos-08-05
59 2 pos-08-06
60 2 pos-08-07
61 2 pos-09-01
62 2 pos-09-02
63 2 pos-09-03
64 2 pos-09-04
65 2 pos-09-05
66 2 pos-09-06
67 2 pos-09-07
68 2 pos-10-01
69 2 pos-10-02
70 2 pos-10-03
71 2 pos-10-04
72 2 pos-10-05
73 2 pos-10-06
74 2 pos-10-07
75 2 pos-11-01
76 2 pos-11-02
77 2 pos-11-03
78 2 pos-11-04
79 2 pos-11-05
80 2 pos-11-06
81 2 pos-11-07
82 2 pos-12-01
83 2 pos-12-02
84 2 pos-12-03
85 2 pos-12-04
86 2 pos-12-05
87 2 pos-12-06
88 2 pos-12-07
89 5 stone-01
90 5 stone-02
91 5 stone-03
92 5 stone-04
93 5 stone-05
94 5 stone-06
95 5 stone-07
END_OBJECTS
BEGIN_PREDICATES
0 2 clear
1 1 2 at
2 5 at-goal
3 2 is-goal
4 2 is-nongoal
5 2 2 3 move-dir
END_PREDICATES
BEGIN_GOAL
2 89
2 90
2 91
2 92
2 93
2 94
2 95
END_GOAL
BEGIN_ACTIONS
END_ACTIONS
BEGIN_STATIC_FACTS
4 63
4 47
4 61
5 15 14 3
5 77 70 1
5 28 29 0
5 72 71 3
5 21 22 0
5 53 46 1
0 67
5 31 24 1
4 53
5 48 41 1
4 69
5 48 49 0
5 69 62 1
4 10
5 42 41 3
4 80
5 76 77 0
4 76
5 81 74 1
5 55 62 2
4 9
4 5
4 43
5 42 49 2
5 58 65 2
5 29 30 0
4 30
4 56
5 72 65 1
5 14 21 2
5 29 28 3
5 70 77 2
5 34 35 0
4 42
4 24
4 31
4 65
4 74
4 12
4 59
5 86 87 0
4 46
4 81
4 13
5 27 20 1
0 53
4 73
5 30 29 3
5 49 56 2
5 70 69 3
5 17 16 3
5 49 42 1
4 25
5 69 76 2
3 20
0 5
5 58 51 1
5 22 29 2
5 51 58 2
5 48 55 2
4 68
4 29
5 67 60 1
5 22 21 3
5 56 55 3
3 62
5 30 31 0
5 44 43 3
3 34
5 56 49 1
5 63 62 3
5 63 56 1
4 15
5 28 35 2
4 37
4 70
4 39
5 88 87 3
4 33
0 74
4 86
0 46
0 81
4 64
4 21
4 50
5 29 22 1
4 23
4 7
5 41 42 0
5 77 76 3
5 76 69 1
4 45
5 57 56 3
5 20 27 2
4 54
5 62 63 0
4 79
4 36
4 57
5 43 42 3
5 22 15 1
4 82
5 74 67 1
5 34 41 2
5 21 14 1
5 60 53 1
5 67 74 2
4 72
5 35 34 3
4 52
5 57 58 0
5 60 67 2
0 86
5 56 57 0
4 71
3 41
4 58
5 17 24 2
4 87
4 32
4 19
4 11
5 71 70 3
5 55 48 1
5 71 72 0
4 77
5 20 21 0
4 60
5 88 81 1
5 87 86 3
5 21 20 3
4 26
5 46 53 2
5 15 22 2
5 74 81 2
4 78
4 51
5 28 27 3
5 41 34 1
5 55 56 0
5 70 71 0
4 88
5 15 16 0
3 48
5 56 63 2
5 69 70 0
4 22
5 16 17 0
4 84
4 14
5 70 63 1
4 18
5 21 28 2
5 49 48 3
4 35
4 49
5 24 31 2
5 81 88 2
0 87
4 8
3 27
4 28
4 83
5 34 27 1
5 35 42 2
4 44
4 6
4 40
5 53 60 2
5 62 55 1
0 60
4 16
5 43 44 0
5 65 72 2
4 67
5 65 58 1
4 17
5 87 88 0
5 44 51 2
5 58 57 3
4 85
5 31 30 3
5 51 44 1
4 75
0 88
5 24 17 1
5 27 34 2
5 42 35 1
5 27 28 0
4 38
5 63 70 2
5 41 48 2
5 14 15 0
4 66
5 42 43 0
3 55
5 28 21 1
5 62 69 2
5 35 28 1
5 16 15 3
END_STATIC_FACTS
BEGIN_STATE_LIST
BEGIN_LABELED_STATE
0
BEGIN_STATE
0 24
0 17
0 16
0 30
0 51
0 57
0 71
0 76
0 22
0 20
0 15
0 69
0 62
0 63
0 35
0 48
0 44
0 72
0 70
1 89 16
1 90 76
0 29
1 91 76
1 92 76
0 41
1 93 76
1 94 43
1 4 44
1 95 72
2 95
2 94
2 93
2 92
2 91
2 90
2 89
END_STATE
END_LABELED_STATE
BEGIN_LABELED_STATE
0
BEGIN_STATE
0 24
0 31
0 30
0 65
0 77
0 21
0 15
0 69
0 62
0 35
0 49
0 44
0 72
0 70
0 27
1 89 30
1 90 14
1 91 41
0 58
1 92 65
0 55
1 93 42
0 28
1 94 41
0 42
1 4 17
1 95 35
2 95
2 94
2 93
2 92
2 91
2 90
2 89
END_STATE
END_LABELED_STATE
BEGIN_LABELED_STATE
0
BEGIN_STATE
0 24
0 17
0 30
0 43
0 65
0 76
0 77
0 21
0 14
0 20
0 62
0 35
0 49
0 34
0 70
1 89 14
1 90 16
0 29
1 91 58
0 58
1 92 65
0 55
1 93 44
0 28
1 94 48
0 56
1 4 48
1 95 21
2 95
2 94
2 93
2 92
2 91
2 90
2 89
END_STATE
END_LABELED_STATE
BEGIN_LABELED_STATE
0
BEGIN_STATE
0 17
0 43
0 51
0 57
0 22
0 14
0 20
0 15
0 69
0 62
0 49
0 72
0 27
1 89 14
1 90 76
1 91 57
1 92 20
0 41
0 55
1 93 41
1 94 55
1 4 77
1 95 48
2 95
2 94
2 93
2 92
2 91
2 90
2 89
END_STATE
END_LABELED_STATE
BEGIN_LABELED_STATE
1
BEGIN_STATE
0 31
0 16
0 30
0 57
0 21
0 15
0 69
0 62
0 63
0 35
0 34
0 44
0 72
0 70
1 89 14
1 90 28
0 29
1 91 20
0 58
1 92 48
0 41
0 55
1 93 51
0 28
1 94 63
1 4 41
1 95 71
2 95
2 94
2 93
2 91
2 90
2 89
END_STATE
END_LABELED_STATE
BEGIN_LABELED_STATE
0
BEGIN_STATE
0 31
0 16
0 30
0 57
0 21
0 15
0 69
0 62
0 63
0 35
0 34
0 44
0 72
0 70
1 89 14
1 90 28
0 29
1 91 20
0 58
1 92 55
0 41
1 93 51
0 28
1 94 63
1 4 48
1 95 71
2 95
2 94
2 93
2 92
2 91
2 90
2 89
END_STATE
END_LABELED_STATE
BEGIN_LABELED_STATE
0
BEGIN_STATE
0 24
0 17
0 16
0 30
0 43
0 51
0 76
0 14
0 20
0 15
0 35
0 49
0 27
1 89 22
1 90 51
1 91 69
1 92 44
0 55
1 93 16
1 94 56
0 42
1 4 44
1 95 43
2 95
2 94
2 93
2 92
2 91
2 90
2 89
END_STATE
END_LABELED_STATE
BEGIN_LABELED_STATE
0
BEGIN_STATE
0 24
0 16
0 30
0 57
0 71
0 22
0 14
0 15
0 69
0 63
0 35
0 48
0 44
0 72
1 89 49
1 90 22
1 91 35
0 58
1 92 77
0 41
1 93 43
0 28
1 94 22
0 42
0 56
1 4 72
1 95 16
2 95
2 94
2 93
2 92
2 91
2 90
2 89
END_STATE
END_LABELED_STATE
BEGIN_LABELED_STATE
0
BEGIN_STATE
0 24
0 31
0 30
0 43
0 65
0 71
0 76
0 21
0 20
0 15
0 69
0 62
0 49
0 72
0 70
1 89 71
1 90 41
1 91 63
1 92 31
0 41
1 93 57
1 94 29
0 42
0 56
1 4 56
1 95 43
2 95
2 94
2 93
2 92
2 91
2 90
2 89
END_STATE
END_LABELED_STATE
BEGIN_LABELED_STATE
4
BEGIN_STATE
0 17
0 31
0 43
0 65
0 77
0 22
0 21
0 14
0 15
0 69
0 62
0 34
0 44
0 70
1 89 69
1 90 56
0 29
1 91 43
1 92 14
0 41
0 55
1 93 77
0 28
1 94 43
0 42
1 4 42
1 95 77
2 95
2 93
2 92
2 91
2 90
2 89
END_STATE
END_LABELED_STATE
BEGIN_LABELED_STATE
3
BEGIN_STATE
0 17
0 31
0 65
0 77
0 22
0 21
0 14
0 15
0 69
0 62
0 34
0 44
0 70
1 89 69
1 90 56
0 29
1 91 43
1 92 14
0 41
0 55
1 93 77
0 28
1 94 43
0 42
1 4 43
1 95 77
2 95
2 93
2 92
2 91
2 90
2 89
END_STATE
END_LABELED_STATE
BEGIN_LABELED_STATE
2
BEGIN_STATE
0 17
0 31
0 43
0 65
0 77
0 22
0 21
0 14
0 15
0 69
0 62
0 34
0 70
1 89 69
1 90 56
0 29
1 91 43
1 92 14
0 41
0 55
1 93 77
0 28
1 94 43
0 42
1 4 44
1 95 77
2 95
2 93
2 92
2 91
2 90
2 89
END_STATE
END_LABELED_STATE
BEGIN_LABELED_STATE
1
BEGIN_STATE
0 17
0 31
0 43
0 65
0 77
0 22
0 21
0 14
0 15
0 69
0 62
0 34
0 44
0 70
1 89 69
1 90 56
0 29
1 91 43
1 92 14
0 41
0 55
1 93 77
0 28
1 94 42
1 4 43
1 95 77
2 95
2 93
2 92
2 91
2 90
2 89
END_STATE
END_LABELED_STATE
BEGIN_LABELED_STATE
0
BEGIN_STATE
0 17
0 31
0 43
0 65
0 77
0 22
0 21
0 14
0 15
0 69
0 62
0 34
0 44
0 70
1 89 69
1 90 56
0 29
1 91 43
1 92 14
0 55
1 93 77
0 28
1 94 41
1 4 42
1 95 77
2 95
2 94
2 93
2 92
2 91
2 90
2 89
END_STATE
END_LABELED_STATE
BEGIN_LABELED_STATE
0
BEGIN_STATE
0 24
0 17
0 30
0 51
0 71
0 76
0 22
0 21
0 14
0 69
0 63
0 35
0 48
0 72
0 70
0 27
1 89 34
1 90 30
0 29
1 91 48
0 58
1 92 48
1 93 43
1 94 56
1 4 77
1 95 14
2 95
2 94
2 93
2 92
2 91
2 90
2 89
END_STATE
END_LABELED_STATE
BEGIN_LABELED_STATE
0
BEGIN_STATE
0 31
0 16
0 65
0 57
0 71
0 76
0 77
0 22
0 21
0 20
0 49
0 34
0 44
1 89 58
1 90 20
1 91 43
0 58
1 92 43
1 93 27
0 28
1 94 14
0 42
0 56
1 4 62
1 95 49
2 95
2 94
2 93
2 92
2 91
2 90
2 89
END_STATE
END_LABELED_STATE
BEGIN_LABELED_STATE
0
BEGIN_STATE
0 30
0 43
0 51
0 65
0 57
0 71
0 77
0 21
0 20
0 63
0 35
0 27
1 89 76
1 90 42
0 29
1 91 55
0 58
1 92 51
1 93 35
0 28
1 94 41
0 56
1 4 22
1 95 35
2 95
2 94
2 93
2 92
2 91
2 90
2 89
END_STATE
END_LABELED_STATE
BEGIN_LABELED_STATE
1
BEGIN_STATE
0 24
0 16
0 43
0 65
0 57
0 76
0 77
0 22
0 21
0 63
0 49
0 34
0 48
0 72
0 70
0 27
1 89 62
1 90 65
1 91 27
0 58
1 92 30
1 93 34
1 94 27
1 4 20
1 95 70
2 95
2 94
2 93
2 92
2 90
2 89
END_STATE
END_LABELED_STATE
BEGIN_LABELED_STATE
0
BEGIN_STATE
0 24
0 16
0 43
0 65
0 57
0 76
0 77
0 22
0 21
0 20
0 63
0 49
0 48
0 72
0 70
0 27
1 89 62
1 90 65
1 91 34
0 58
1 92 30
1 93 34
1 94 27
1 4 27
1 95 70
2 95
2 94
2 93
2 92
2 91
2 90
2 89
END_STATE
END_LABELED_STATE
BEGIN_LABELED_STATE
0
BEGIN_STATE
0 31
0 30
0 43
0 51
0 71
0 76
0 22
0 14
0 69
0 62
0 48
0 72
0 70
1 89 20
1 90 35
0 29
1 91 22
0 58
1 92 17
1 93 21
1 94 77
0 42
0 56
1 4 65
1 95 65
2 95
2 94
2 93
2 92
2 91
2 90
2 89
END_STATE
END_LABELED_STATE
BEGIN_LABELED_STATE
0
BEGIN_STATE
0 24
0 16
0 30
0 65
0 76
0 77
0 15
0 62
0 63
0 49
0 48
0 72
1 89 29
1 90 30
0 29
1 91 15
0 58
1 92 56
0 41
1 93 77
1 94 31
0 42
1 4 41
1 95 15
2 95
2 94
2 93
2 92
2 91
2 90
2 89
END_STATE
END_LABELED_STATE
BEGIN_LABELED_STATE
13
BEGIN_STATE
0 17
0 31
0 30
0 77
0 22
0 21
0 20
0 15
0 63
0 34
0 48
0 44
0 72
0 27
1 89 29
1 90 21
0 29
1 91 28
1 92 21
0 41
0 55
1 93 27
1 94 28
1 4 24
1 95 14
2 95
2 92
2 89
END_STATE
END_LABELED_STATE
BEGIN_LABELED_STATE
12
BEGIN_STATE
0 24
0 17
0 30
0 77
0 22
0 21
0 20
0 15
0 63
0 34
0 48
0 44
0 72
0 27
1 89 29
1 90 21
0 29
1 91 28
1 92 21
0 41
0 55
1 93 27
1 94 28
1 4 31
1 95 14
2 95
2 92
2 89
END_STATE
END_LABELED_STATE
BEGIN_LABELED_STATE
11
BEGIN_STATE
0 24
0 17
0 31
0 77
0 22
0 21
0 20
0 15
0 63
0 34
0 48
0 44
0 72
0 27
1 89 29
1 90 21
0 29
1 91 28
1 92 21
0 41
0 55
1 93 27
1 94 28
1 4 30
1 95 14
2 95
2 92
2 89
END_STATE
END_LABELED_STATE
BEGIN_LABELED_STATE
10
BEGIN_STATE
0 24
0 17
0 31
0 30
0 77
0 22
0 21
0 20
0 15
0 63
0 34
0 48
0 44
0 72
0 27
1 89 29
1 90 21
1 91 28
1 92 21
0 41
0 55
1 93 27
1 94 28
1 4 29
1 95 14
2 95
2 92
2 89
END_STATE
END_LABELED_STATE
BEGIN_LABELED_STATE
9
BEGIN_STATE
0 24
0 17
0 31
0 30
0 77
0 22
0 21
0 20
0 15
0 63
0 34
0 48
0 44
0 72
1 89 29
1 90 21
0 29
1 91 27
1 92 21
0 41
0 55
1 93 27
1 94 28
1 4 28
1 95 14
2 95
2 92
2 91
2 89
END_STATE
END_LABELED_STATE
BEGIN_LABELED_STATE
8
BEGIN_STATE
0 24
0 17
0 31
0 30
0 77
0 22
0 20
0 15
0 63
0 34
0 48
0 44
0 72
1 89 29
1 90 21
0 29
1 91 27
1 92 21
0 41
0 55
1 93 27
0 28
1 94 28
1 4 21
1 95 14
2 95
2 92
2 91
2 89
END_STATE
END_LABELED_STATE
BEGIN_LABELED_STATE
7
BEGIN_STATE
0 24
0 17
0 31
0 30
0 77
0 22
0 21
0 15
0 63
0 34
0 48
0 44
0 72
1 89 29
1 90 21
0 29
1 91 27
1 92 21
0 41
0 55
1 93 27
0 28
1 94 28
1 4 20
1 95 14
2 95
2 92
2 91
2 89
END_STATE
END_LABELED_STATE
BEGIN_LABELED_STATE
6
BEGIN_STATE
0 24
0 17
0 31
0 30
0 77
0 22
0 21
0 20
0 15
0 63
0 48
0 44
0 72
1 89 29
1 90 21
0 29
1 91 27
1 92 21
0 41
0 55
1 93 34
0 28
1 94 28
1 4 27
1 95 14
2 95
2 93
2 92
2 91
2 89
END_STATE
END_LABELED_STATE
BEGIN_LABELED_STATE
5
BEGIN_STATE
0 24
0 17
0 31
0 30
0 77
0 22
0 21
0 20
0 15
0 63
0 48
0 44
0 72
0 27
1 89 29
1 90 21
0 29
1 91 27
1 92 21
0 41
0 55
1 93 34
1 94 28
1 4 28
1 95 14
2 95
2 93
2 92
2 91
2 89
END_STATE
END_LABELED_STATE
BEGIN_LABELED_STATE
4
BEGIN_STATE
0 24
0 17
0 31
0 30
0 77
0 22
0 21
0 20
0 15
0 63
0 48
0 44
0 72
0 27
1 89 29
1 90 21
1 91 27
1 92 21
0 41
0 55
1 93 34
0 28
1 94 28
1 4 29
1 95 14
2 95
2 93
2 92
2 91
2 89
END_STATE
END_LABELED_STATE
BEGIN_LABELED_STATE
3
BEGIN_STATE
0 24
0 17
0 31
0 30
0 77
0 22
0 21
0 20
0 15
0 63
0 48
0 44
0 72
1 89 29
1 90 21
0 29
1 91 27
1 92 21
0 41
0 55
1 93 34
0 28
1 94 27
1 4 28
1 95 14
2 95
2 94
2 93
2 92
2 91
2 89
END_STATE
END_LABELED_STATE
BEGIN_LABELED_STATE
2
BEGIN_STATE
0 24
0 17
0 31
0 30
0 77
0 22
0 20
0 15
0 63
0 48
0 44
0 72
1 89 29
1 90 21
0 29
1 91 27
1 92 21
0 41
0 55
1 93 34
0 28
1 94 27
1 4 21
1 95 14
2 95
2 94
2 93
2 92
2 91
2 89
END_STATE
END_LABELED_STATE
BEGIN_LABELED_STATE
1
BEGIN_STATE
0 24
0 17
0 31
0 30
0 77
0 21
0 20
0 15
0 63
0 48
0 44
0 72
1 89 29
1 90 21
0 29
1 91 27
1 92 21
0 41
0 55
1 93 34
0 28
1 94 27
1 4 22
1 95 14
2 95
2 94
2 93
2 92
2 91
2 89
END_STATE
END_LABELED_STATE
BEGIN_LABELED_STATE
0
BEGIN_STATE
0 24
0 17
0 31
0 30
0 77
0 22
0 21
0 15
0 63
0 48
0 44
0 72
1 89 29
1 90 20
0 29
1 91 27
1 92 21
0 41
0 55
1 93 34
0 28
1 94 27
1 4 21
1 95 14
2 95
2 94
2 93
2 92
2 91
2 90
2 89
END_STATE
END_LABELED_STATE
BEGIN_LABELED_STATE
0
BEGIN_STATE
0 16
0 51
0 71
0 22
0 69
0 35
0 49
0 34
0 70
0 27
1 89 41
1 90 15
1 91 15
1 92 41
1 93 14
0 28
1 94 34
0 42
1 4 29
1 95 29
2 95
2 94
2 93
2 92
2 91
2 90
2 89
END_STATE
END_LABELED_STATE
BEGIN_LABELED_STATE
3
BEGIN_STATE
0 17
0 31
0 43
0 65
0 57
0 71
0 76
0 22
0 20
0 69
0 63
0 34
0 72
0 27
1 89 17
1 90 48
0 29
1 91 34
0 58
1 92 42
0 41
0 55
1 93 51
0 28
1 94 76
0 56
1 4 49
1 95 56
2 94
2 93
2 92
2 91
2 90
2 89
END_STATE
END_LABELED_STATE
BEGIN_LABELED_STATE
2
BEGIN_STATE
0 17
0 31
0 43
0 65
0 57
0 71
0 76
0 22
0 20
0 69
0 63
0 49
0 34
0 72
0 27
1 89 17
1 90 48
0 29
1 91 34
0 58
1 92 42
0 41
0 55
1 93 51
0 28
1 94 76
1 4 56
1 95 56
2 94
2 93
2 92
2 91
2 90
2 89
END_STATE
END_LABELED_STATE
BEGIN_LABELED_STATE
1
BEGIN_STATE
0 17
0 31
0 43
0 65
0 71
0 76
0 22
0 20
0 69
0 63
0 49
0 34
0 72
0 27
1 89 17
1 90 48
0 29
1 91 34
0 58
1 92 42
0 41
0 55
1 93 51
0 28
1 94 76
0 56
1 4 57
1 95 56
2 94
2 93
2 92
2 91
2 90
2 89
END_STATE
END_LABELED_STATE
BEGIN_LABELED_STATE
0
BEGIN_STATE
0 17
0 31
0 43
0 65
0 57
0 71
0 76
0 22
0 20
0 69
0 63
0 49
0 34
0 72
0 27
1 89 17
1 90 48
0 29
1 91 34
0 58
1 92 42
0 41
1 93 51
0 28
1 94 76
0 56
1 4 56
1 95 55
2 95
2 94
2 93
2 92
2 91
2 90
2 89
END_STATE
END_LABELED_STATE
BEGIN_LABELED_STATE
2
BEGIN_STATE
0 17
0 16
0 30
0 43
0 65
0 57
0 22
0 14
0 69
0 62
0 49
0 34
0 48
0 44
0 27
1 89 69
1 90 48
1 91 27
0 58
1 92 55
0 41
0 55
1 93 21
1 94 22
0 42
1 4 69
1 95 58
2 95
2 94
2 93
2 91
2 90
2 89
END_STATE
END_LABELED_STATE
BEGIN_LABELED_STATE
1
BEGIN_STATE
0 17
0 16
0 30
0 43
0 65
0 57
0 22
0 14
0 69
0 49
0 34
0 48
0 44
0 27
1 89 69
1 90 48
1 91 27
0 58
1 92 55
0 41
0 55
1 93 21
1 94 22
0 42
1 4 62
1 95 58
2 95
2 94
2 93
2 91
2 90
2 89
END_STATE
END_LABELED_STATE
BEGIN_LABELED_STATE
0
BEGIN_STATE
0 17
0 16
0 30
0 43
0 65
0 57
0 22
0 14
0 69
0 62
0 49
0 34
0 44
0 27
1 89 69
1 90 48
1 91 27
0 58
1 92 48
0 41
0 55
1 93 21
1 94 22
0 42
1 4 55
1 95 58
2 95
2 94
2 93
2 92
2 91
2 90
2 89
END_STATE
END_LABELED_STATE
BEGIN_LABELED_STATE
0
BEGIN_STATE
0 17
0 31
0 16
0 43
0 57
0 76
0 77
0 22
0 14
0 63
0 34
0 48
0 44
0 70
1 89 14
1 90 22
0 29
1 91 30
1 92 72
0 41
1 93 51
0 28
1 94 55
1 4 56
1 95 77
2 95
2 94
2 93
2 92
2 91
2 90
2 89
END_STATE
END_LABELED_STATE
BEGIN_LABELED_STATE
0
BEGIN_STATE
0 24
0 17
0 31
0 30
0 65
0 57
0 71
0 76
0 15
0 69
0 62
0 63
0 49
0 44
0 70
1 89 14
1 90 72
0 29
1 91 15
0 58
1 92 69
0 41
0 55
1 93 43
1 94 51
1 4 15
1 95 31
2 95
2 94
2 93
2 92
2 91
2 90
2 89
END_STATE
END_LABELED_STATE
BEGIN_LABELED_STATE
0
BEGIN_STATE
0 31
0 16
0 43
0 51
0 71
0 76
0 22
0 20
0 62
0 35
0 49
0 48
0 44
1 89 21
1 90 55
1 91 29
1 92 34
0 55
1 93 15
1 94 17
0 42
0 56
1 4 63
1 95 63
2 95
2 94
2 93
2 92
2 91
2 90
2 89
END_STATE
END_LABELED_STATE
BEGIN_LABELED_STATE
0
BEGIN_STATE
0 24
0 17
0 31
0 16
0 30
0 51
0 65
0 57
0 21
0 14
0 20
0 63
0 35
0 49
0 34
0 48
0 44
0 70
1 89 21
1 90 63
0 29
1 91 17
0 58
1 92 29
0 55
1 93 77
1 94 42
0 56
1 4 24
1 95 30
2 95
2 94
2 93
2 92
2 91
2 90
2 89
END_STATE
END_LABELED_STATE
BEGIN_LABELED_STATE
0
BEGIN_STATE
0 31
0 51
0 76
0 14
0 20
0 63
0 44
1 89 72
1 90 27
0 29
1 91 48
0 58
1 92 17
1 93 15
0 28
1 94 20
0 42
0 56
1 4 31
1 95 72
2 95
2 94
2 93
2 92
2 91
2 90
2 89
END_STATE
END_LABELED_STATE
BEGIN_LABELED_STATE
2
BEGIN_STATE
0 24
0 17
0 31
0 16
0 51
0 65
0 57
0 22
0 21
0 14
0 20
0 69
0 63
0 35
0 49
0 34
0 48
0 44
0 70
1 89 77
1 90 58
1 91 16
1 92 15
0 41
1 93 62
0 28
1 94 21
0 42
1 4 21
1 95 70
2 95
2 93
2 92
2 91
2 90
2 89
END_STATE
END_LABELED_STATE
BEGIN_LABELED_STATE
1
BEGIN_STATE
0 24
0 17
0 31
0 16
0 51
0 65
0 57
0 21
0 14
0 20
0 69
0 63
0 35
0 49
0 34
0 48
0 44
0 70
1 89 77
1 90 58
1 91 16
1 92 15
0 41
1 93 62
0 28
1 94 21
0 42
1 4 22
1 95 70
2 95
2 93
2 92
2 91
2 90
2 89
END_STATE
END_LABELED_STATE
BEGIN_LABELED_STATE
0
BEGIN_STATE
0 24
0 17
0 31
0 16
0 51
0 65
0 57
0 22
0 21
0 14
0 69
0 63
0 35
0 49
0 34
0 48
0 44
0 70
1 89 77
1 90 58
1 91 16
1 92 15
0 41
1 93 62
0 28
1 94 20
0 42
1 4 21
1 95 70
2 95
2 94
2 93
2 92
2 91
2 90
2 89
END_STATE
END_LABELED_STATE
BEGIN_LABELED_STATE
0
BEGIN_STATE
0 24
0 31
0 16
0 30
0 51
0 65
0 76
0 77
0 21
0 14
0 20
0 62
0 49
0 34
0 48
0 44
0 72
0 70
0 27
1 89 17
1 90 70
0 29
1 91 31
1 92 69
1 93 72
1 94 30
0 42
0 56
1 4 58
1 95 14
2 95
2 94
2 93
2 92
2 91
2 90
2 89
END_STATE
END_LABELED_STATE
BEGIN_LABELED_STATE
0
BEGIN_STATE
0 24
0 16
0 43
0 51
0 71
0 22
0 21
0 69
0 35
0 34
0 27
1 89 62
1 90 76
1 91 41
1 92 71
1 93 51
0 28
1 94 57
0 56
1 4 72
1 95 71
2 95
2 94
2 93
2 92
2 91
2 90
2 89
END_STATE
END_LABELED_STATE
BEGIN_LABELED_STATE
3
BEGIN_STATE
0 24
0 31
0 16
0 43
0 65
0 57
0 76
0 21
0 14
0 15
0 69
0 62
0 35
0 34
0 48
0 27
1 89 63
1 90 20
0 29
1 91 55
1 92 55
0 41
1 93 41
1 94 57
1 4 34
1 95 15
2 95
2 94
2 93
2 92
2 90
2 89
END_STATE
END_LABELED_STATE
BEGIN_LABELED_STATE
2
BEGIN_STATE
0 24
0 31
0 16
0 43
0 65
0 57
0 76
0 21
0 14
0 15
0 69
0 62
0 35
0 34
0 48
0 27
1 89 63
1 90 20
0 29
1 91 55
1 92 55
1 93 41
1 94 57
1 4 41
1 95 15
2 95
2 94
2 93
2 92
2 90
2 89
END_STATE
END_LABELED_STATE
BEGIN_LABELED_STATE
1
BEGIN_STATE
0 24
0 31
0 16
0 43
0 65
0 57
0 76
0 21
0 14
0 15
0 69
0 62
0 35
0 34
0 27
1 89 63
1 90 20
0 29
1 91 55
1 92 55
0 41
1 93 41
1 94 57
1 4 48
1 95 15
2 95
2 94
2 93
2 92
2 90
2 89
END_STATE
END_LABELED_STATE
BEGIN_LABELED_STATE
0
BEGIN_STATE
0 24
0 31
0 16
0 43
0 65
0 57
0 76
0 21
0 14
0 15
0 69
0 35
0 34
0 48
0 27
1 89 63
1 90 20
0 29
1 91 62
1 92 55
0 41
1 93 41
1 94 57
1 4 55
1 95 15
2 95
2 94
2 93
2 92
2 91
2 90
2 89
END_STATE
END_LABELED_STATE
BEGIN_LABELED_STATE
0
BEGIN_STATE
0 31
0 43
0 71
0 22
0 14
0 15
0 62
0 63
0 34
0 48
0 44
0 70
0 27
1 89 34
1 90 35
1 91 70
0 58
1 92 42
0 41
0 55
1 93 77
1 94 14
0 42
0 56
1 4 28
1 95 22
2 95
2 94
2 93
2 92
2 91
2 90
2 89
END_STATE
END_LABELED_STATE
BEGIN_LABELED_STATE
0
BEGIN_STATE
0 17
0 43
0 71
0 76
0 77
0 22
0 20
0 15
0 63
0 35
0 34
0 48
0 44
0 70
0 27
1 89 15
1 90 58
0 29
1 91 76
1 92 35
0 41
1 93 58
1 94 62
0 42
0 56
1 4 34
1 95 30
2 95
2 94
2 93
2 92
2 91
2 90
2 89
END_STATE
END_LABELED_STATE
END_STATE_LIST
