BEGIN_TYPES
0 -1 object
1 0 thing
2 0 location
3 0 direction
4 1 player
5 1 stone
END_TYPES
BEGIN_OBJECTS
0 3 dir-down
1 3 dir-left
2 3 dir-right
3 3 dir-up
4 4 player-01
5 2 pos-01-01
6 2 pos-01-02
7 2 pos-01-03
8 2 pos-01-04
9 2 pos-01-05
10 2 pos-01-06
11 2 pos-01-07
12 2 pos-01-08
13 2 pos-02-01
14 2 pos-02-02
15 2 pos-02-03
16 2 pos-02-04
17 2 pos-02-05
18 2 pos-02-06
19 2 pos-02-07
20 2 pos-02-08
21 2 pos-03-01
22 2 pos-03-02
23 2 pos-03-03
24 2 pos-03-04
25 2 pos-03-05
26 2 pos-03-06
27 2 pos-03-07
28 2 pos-03-08
29 2 pos-04-01
30 2 pos-04-02
31 2 pos-04-03
32 2 pos-04-04
33 2 pos-04-05
34 2 pos-04-06
35 2 pos-04-07
36 2 pos-04-08
37 2 pos-05-01
38 2 pos-05-02
39 2 pos-05-03
40 2 pos-05-04
41 2 pos-05-05
42 2 pos-05-06
43 2 pos-05-07
44 2 pos-05-08
45 2 pos-06-01
46 2 pos-06-02
47 2 pos-06-03
48 2 pos-06-04
49 2 pos-06-05
50 2 pos-06-06
51 2 pos-06-07
52 2 pos-06-08
53 2 pos-07-01
54 2 pos-07-02
55 2 pos-07-03
56 2 pos-07-04
57 2 pos-07-05
58 2 pos-07-06
59 2 pos-07-07
60 2 pos-07-08
61 2 pos-08-01
62 2 pos-08-02
63 2 pos-08-03
64 2 pos-08-04
65 2 pos-08-05
66 2 pos-08-06
67 2 pos-08-07
68 2 pos-08-08
69 2 pos-09-01
70 2 pos-09-02
71 2 pos-09-03
72 2 pos-09-04
73 2 pos-09-05
74 2 pos-09-06
75 2 pos-09-07
76 2 pos-09-08
77 2 pos-10-01
78 2 pos-10-02
79 2 pos-10-03
80 2 pos-10-04
81 2 pos-10-05
82 2 pos-10-06
83 2 pos-10-07
84 2 pos-10-08
85 2 pos-11-01
86 2 pos-11-02
87 2 pos-11-03
88 2 pos-11-04
89 2 pos-11-05
90 2 pos-11-06
91 2 pos-11-07
92 2 pos-11-08
93 2 pos-12-01
94 2 pos-12-02
95 2 pos-12-03
96 2 pos-12-04
97 2 pos-12-05
98 2 pos-12-06
99 2 pos-12-07
100 2 pos-12-08
101 2 pos-13-01
102 2 pos-13-02
103 2 pos-13-03
104 2 pos-13-04
105 2 pos-13-05
106 2 pos-13-06
107 2 pos-13-07
108 2 pos-13-08
109 2 pos-14-01
110 2 pos-14-02
111 2 pos-14-03
112 2 pos-14-04
113 2 pos-14-05
114 2 pos-14-06
115 2 pos-14-07
116 2 pos-14-08
117 2 pos-15-01
118 2 pos-15-02
119 2 pos-15-03
120 2 pos-15-04
121 2 pos-15-05
122 2 pos-15-06
123 2 pos-15-07
124 2 pos-15-08
125 5 stone-01
126 5 stone-02
127 5 stone-03
128 5 stone-04
129 5 stone-05
END_OBJECTS
BEGIN_PREDICATES
0 2 clear
1 1 2 at
2 5 at-goal
3 2 is-goal
4 2 is-nongoal
5 2 2 3 move-dir
END_PREDICATES
BEGIN_GOAL
2 125
2 126
2 127
2 128
2 129
END_GOAL
BEGIN_ACTIONS
END_ACTIONS
BEGIN_STATIC_FACTS
5 33 41 2
5 23 24 0
5 106 105 3
5 105 104 3
4 59
4 78
5 117 109 1
5 88 96 2
4 90
5 66 74 2
5 66 67 0
4 9
4 5
5 65 73 2
5 88 89 0
4 115
4 60
4 38
4 113
5 17 25 2
5 81 89 2
4 34
4 120
4 13
4 66
5 41 42 0
5 101 109 2
5 78 77 3
5 112 113 0
5 86 94 2
5 96 97 0
5 25 26 0
5 37 29 1
0 86
5 18 17 3
5 102 110 2
5 78 86 2
4 108
5 54 62 2
4 77
4 32
5 92 91 3
4 79
4 37
4 25
4 7
4 84
5 114 106 1
5 64 63 3
5 94 102 2
5 5 6 0
4 103
4 81
4 58
5 67 75 2
5 96 88 1
0 117
5 18 26 2
4 98
4 21
4 11
5 91 92 0
5 65 66 0
4 88
5 113 114 0
4 99
5 89 88 3
4 44
4 24
4 19
5 55 54 3
4 39
5 41 33 1
5 58 66 2
4 6
5 48 49 0
4 100
0 92
5 102 94 1
5 26 18 1
4 30
5 118 117 3
5 67 66 3
4 42
5 47 48 0
5 25 24 3
5 25 17 1
5 28 36 2
5 25 33 2
4 53
4 102
5 50 58 2
5 28 20 1
3 96
0 109
5 106 114 2
4 101
5 114 113 3
4 63
0 118
5 42 34 1
4 114
4 70
5 58 50 1
4 26
4 83
4 51
4 91
0 110
4 82
0 20
5 55 63 2
5 105 113 2
5 66 65 3
4 16
4 97
0 124
5 110 109 3
5 42 41 3
0 28
4 46
5 101 93 1
5 100 92 1
4 89
5 48 47 3
5 85 93 2
5 100 108 2
4 93
4 107
4 106
5 64 65 0
5 56 55 3
5 34 42 2
4 52
3 64
5 86 85 3
4 67
4 68
0 12
5 113 112 3
4 57
5 104 105 0
5 62 63 0
5 110 102 1
0 36
5 56 48 1
4 95
4 55
5 26 34 2
5 74 73 3
5 39 47 2
4 31
5 21 13 1
5 55 56 0
5 41 49 2
4 116
5 33 25 1
4 49
5 74 66 1
0 29
5 73 81 2
5 34 33 3
5 124 116 1
5 105 106 0
5 113 105 1
4 74
5 21 29 2
5 44 36 1
5 101 102 0
0 94
5 85 86 0
5 48 56 2
5 20 28 2
5 81 80 3
5 34 26 1
0 85
5 54 55 0
5 42 50 2
5 44 52 2
4 10
4 86
5 109 117 2
5 81 73 1
5 97 89 1
4 73
0 78
5 55 47 1
5 93 85 1
4 27
0 5
5 110 118 2
5 24 23 3
5 33 34 0
5 49 48 3
5 112 104 1
4 122
5 96 104 2
5 31 39 2
4 41
4 43
0 13
4 72
4 23
5 49 50 0
4 117
4 76
5 86 78 1
5 93 94 0
4 50
4 61
0 108
0 77
5 75 74 3
5 6 7 0
0 37
3 56
4 54
4 111
0 7
5 62 54 1
4 87
5 29 37 2
4 92
5 64 56 1
5 117 118 0
5 93 101 2
5 88 80 1
4 119
5 74 75 0
5 108 100 1
0 21
5 7 6 3
4 75
4 109
0 44
5 108 116 2
5 31 23 1
4 118
5 104 112 2
5 66 58 1
5 77 78 0
0 6
4 71
4 69
5 13 21 2
0 100
4 110
4 20
5 6 5 3
5 5 13 2
5 94 86 1
5 73 74 0
5 104 96 1
4 48
5 47 55 2
4 33
5 116 124 2
4 121
0 102
5 49 41 1
4 47
3 104
4 14
5 97 105 2
4 124
4 28
5 109 101 1
0 101
5 75 67 1
5 63 62 3
5 56 64 2
5 63 55 1
5 77 85 2
5 105 97 1
3 112
0 91
4 22
5 94 93 3
4 123
5 24 25 0
5 36 28 1
4 40
4 12
4 36
5 89 81 1
5 13 5 1
5 63 64 0
4 80
4 65
4 35
5 89 97 2
5 80 81 0
5 102 101 3
4 105
5 97 96 3
4 29
0 93
5 52 44 1
5 80 88 2
5 118 110 1
5 17 18 0
4 15
5 23 31 2
0 52
4 8
4 94
4 62
5 92 100 2
4 45
5 36 44 2
5 26 25 3
5 116 108 1
4 17
5 85 77 1
5 50 42 1
5 73 65 1
4 18
5 65 64 3
4 85
5 47 39 1
5 29 21 1
5 50 49 3
5 12 20 2
5 109 110 0
5 20 12 1
0 116
5 39 31 1
END_STATIC_FACTS
BEGIN_STATE_LIST
BEGIN_LABELED_STATE
0
BEGIN_STATE
0 41
0 31
0 56
0 25
0 23
0 39
0 18
0 106
0 114
0 74
0 88
0 48
0 26
0 104
0 112
0 42
0 89
1 125 80
1 129 89
0 50
0 64
1 128 105
1 126 39
1 127 56
1 4 33
2 129
2 128
2 127
2 126
2 125
END_STATE
END_LABELED_STATE
BEGIN_LABELED_STATE
0
BEGIN_STATE
0 17
0 41
0 56
0 55
0 39
0 18
0 62
0 80
0 114
0 49
0 74
0 88
0 113
0 48
0 63
0 96
0 42
0 34
0 89
0 73
0 81
1 125 73
1 129 66
0 66
0 64
0 65
1 128 62
1 126 25
1 127 106
1 4 42
2 129
2 128
2 127
2 126
2 125
END_STATE
END_LABELED_STATE
BEGIN_LABELED_STATE
0
BEGIN_STATE
0 54
0 55
0 23
0 62
0 67
0 74
0 88
0 113
0 47
0 63
0 104
0 58
0 34
0 89
0 73
1 125 34
1 129 106
0 66
0 50
0 64
1 128 106
1 126 63
1 127 62
1 4 39
2 129
2 128
2 127
2 126
2 125
END_STATE
END_LABELED_STATE
BEGIN_LABELED_STATE
0
BEGIN_STATE
0 17
0 54
0 56
0 33
0 25
0 39
0 75
0 106
0 114
0 48
0 26
0 47
0 104
0 112
0 58
0 89
0 73
0 81
1 125 114
1 129 113
1 128 50
1 126 81
1 127 63
1 4 50
2 129
2 128
2 127
2 126
2 125
END_STATE
END_LABELED_STATE
BEGIN_LABELED_STATE
0
BEGIN_STATE
0 24
0 55
0 18
0 75
0 67
0 80
0 114
0 49
0 47
0 104
0 42
0 34
0 89
0 73
1 125 63
1 129 18
0 50
0 64
0 65
1 128 73
1 126 105
1 127 47
1 4 88
2 129
2 128
2 127
2 126
2 125
END_STATE
END_LABELED_STATE
BEGIN_LABELED_STATE
4
BEGIN_STATE
0 17
0 31
0 56
0 25
0 23
0 106
0 49
0 88
0 113
0 48
0 26
0 47
0 96
0 34
0 97
0 89
0 81
1 125 104
1 129 105
0 66
0 50
0 64
1 128 56
1 126 81
1 127 17
1 4 58
2 129
2 127
2 126
2 125
END_STATE
END_LABELED_STATE
BEGIN_LABELED_STATE
3
BEGIN_STATE
0 17
0 31
0 56
0 25
0 23
0 106
0 49
0 88
0 113
0 48
0 26
0 47
0 96
0 58
0 34
0 97
0 89
0 81
1 125 104
1 129 105
0 66
0 64
1 128 56
1 126 81
1 127 17
1 4 50
2 129
2 127
2 126
2 125
END_STATE
END_LABELED_STATE
BEGIN_LABELED_STATE
2
BEGIN_STATE
0 17
0 31
0 56
0 25
0 23
0 106
0 88
0 113
0 48
0 26
0 47
0 96
0 58
0 34
0 97
0 89
0 81
1 125 104
1 129 105
0 66
0 50
0 64
1 128 56
1 126 81
1 127 17
1 4 49
2 129
2 127
2 126
2 125
END_STATE
END_LABELED_STATE
BEGIN_LABELED_STATE
1
BEGIN_STATE
0 17
0 31
0 56
0 25
0 23
0 106
0 49
0 88
0 113
0 26
0 47
0 96
0 58
0 34
0 97
0 89
0 81
1 125 104
1 129 105
0 66
0 50
0 64
1 128 56
1 126 81
1 127 17
1 4 48
2 129
2 127
2 126
2 125
END_STATE
END_LABELED_STATE
BEGIN_LABELED_STATE
0
BEGIN_STATE
0 17
0 31
0 56
0 25
0 23
0 106
0 49
0 88
0 113
0 48
0 26
0 47
0 96
0 58
0 34
0 97
0 89
0 81
1 125 104
1 129 105
0 66
0 50
1 128 64
1 126 81
1 127 17
1 4 56
2 129
2 128
2 127
2 126
2 125
END_STATE
END_LABELED_STATE
BEGIN_LABELED_STATE
0
BEGIN_STATE
0 24
0 41
0 55
0 25
0 75
0 80
0 114
0 49
0 88
0 113
0 104
0 112
0 96
0 58
0 42
0 34
0 97
0 73
1 125 105
1 129 74
0 66
0 50
1 128 67
1 126 64
1 127 66
1 4 56
2 129
2 128
2 127
2 126
2 125
END_STATE
END_LABELED_STATE
BEGIN_LABELED_STATE
0
BEGIN_STATE
0 17
0 41
0 33
0 18
0 62
0 67
0 106
0 114
0 74
0 113
0 105
0 48
0 26
0 47
0 63
0 104
0 112
0 96
0 42
0 89
1 125 63
1 129 34
0 66
0 65
1 128 80
1 126 17
1 127 97
1 4 97
2 129
2 128
2 127
2 126
2 125
END_STATE
END_LABELED_STATE
BEGIN_LABELED_STATE
0
BEGIN_STATE
0 24
0 41
0 31
0 56
0 33
0 39
0 18
0 62
0 75
0 67
0 80
0 106
0 49
0 74
0 88
0 105
0 48
0 26
0 47
0 63
0 96
0 58
0 97
1 125 114
1 129 64
1 128 81
1 126 112
1 127 47
1 4 49
2 129
2 128
2 127
2 126
2 125
END_STATE
END_LABELED_STATE
BEGIN_LABELED_STATE
0
BEGIN_STATE
0 24
0 31
0 56
0 55
0 23
0 39
0 18
0 62
0 67
0 80
0 106
0 114
0 74
0 113
0 26
0 63
0 96
0 58
0 42
0 34
0 89
0 81
1 125 105
1 129 66
0 50
1 128 55
1 126 39
1 127 47
1 4 47
2 129
2 128
2 127
2 126
2 125
END_STATE
END_LABELED_STATE
BEGIN_LABELED_STATE
0
BEGIN_STATE
0 17
0 54
0 55
0 33
0 25
0 23
0 18
0 75
0 80
0 114
0 49
0 74
0 88
0 113
0 26
0 47
0 96
0 58
0 97
0 89
0 81
1 125 80
1 129 73
0 66
1 128 63
1 126 54
1 127 17
1 4 113
2 129
2 128
2 127
2 126
2 125
END_STATE
END_LABELED_STATE
BEGIN_LABELED_STATE
2
BEGIN_STATE
0 17
0 41
0 31
0 54
0 56
0 25
0 23
0 39
0 18
0 62
0 49
0 88
0 105
0 48
0 47
0 112
0 96
0 58
0 73
1 125 80
1 129 34
0 66
0 64
0 65
1 128 54
1 126 42
1 127 55
1 4 62
2 129
2 128
2 126
2 125
END_STATE
END_LABELED_STATE
BEGIN_LABELED_STATE
1
BEGIN_STATE
0 17
0 41
0 31
0 56
0 25
0 23
0 39
0 18
0 62
0 49
0 88
0 105
0 48
0 47
0 112
0 96
0 58
0 73
1 125 80
1 129 34
0 66
0 64
0 65
1 128 54
1 126 42
1 127 55
1 4 54
2 129
2 128
2 126
2 125
END_STATE
END_LABELED_STATE
BEGIN_LABELED_STATE
0
BEGIN_STATE
0 17
0 41
0 31
0 54
0 25
0 23
0 39
0 18
0 62
0 49
0 88
0 105
0 48
0 47
0 112
0 96
0 58
0 73
1 125 80
1 129 34
0 66
0 64
0 65
1 128 54
1 126 42
1 127 56
1 4 55
2 129
2 128
2 127
2 126
2 125
END_STATE
END_LABELED_STATE
BEGIN_LABELED_STATE
0
BEGIN_STATE
0 31
0 56
0 55
0 25
0 23
0 39
0 18
0 75
0 67
0 114
0 49
0 74
0 88
0 105
0 48
0 26
0 47
0 63
0 112
0 58
0 34
0 97
0 73
0 81
1 125 80
1 129 65
0 66
0 64
0 65
1 128 96
1 126 106
1 127 106
1 4 67
2 129
2 128
2 127
2 126
2 125
END_STATE
END_LABELED_STATE
BEGIN_LABELED_STATE
0
BEGIN_STATE
0 17
0 24
0 41
0 31
0 54
0 55
0 23
0 18
0 67
0 80
0 106
0 49
0 74
0 88
0 105
0 112
0 58
0 42
0 97
0 89
0 81
1 125 18
1 129 74
0 66
0 50
0 64
0 65
1 128 63
1 126 75
1 127 88
1 4 62
2 129
2 128
2 127
2 126
2 125
END_STATE
END_LABELED_STATE
BEGIN_LABELED_STATE
0
BEGIN_STATE
0 24
0 41
0 55
0 33
0 25
0 106
0 49
0 74
0 47
0 42
0 97
0 89
1 125 80
1 129 113
0 66
0 50
0 64
1 128 54
1 126 66
1 127 58
1 4 41
2 129
2 128
2 127
2 126
2 125
END_STATE
END_LABELED_STATE
BEGIN_LABELED_STATE
0
BEGIN_STATE
0 17
0 24
0 31
0 56
0 33
0 25
0 23
0 39
0 62
0 80
0 49
0 74
0 88
0 48
0 26
0 63
0 104
0 112
0 42
0 89
0 73
0 81
1 125 88
1 129 73
0 66
0 64
1 128 67
1 126 88
1 127 74
1 4 54
2 129
2 128
2 127
2 126
2 125
END_STATE
END_LABELED_STATE
BEGIN_LABELED_STATE
0
BEGIN_STATE
0 24
0 41
0 31
0 33
0 23
0 39
0 62
0 74
0 88
0 105
0 63
0 104
0 112
0 96
0 58
0 42
0 34
0 97
0 73
0 81
1 125 74
1 129 64
0 66
0 50
0 64
1 128 56
1 126 56
1 127 33
1 4 65
2 129
2 128
2 127
2 126
2 125
END_STATE
END_LABELED_STATE
BEGIN_LABELED_STATE
0
BEGIN_STATE
0 24
0 54
0 56
0 25
0 62
0 75
0 67
0 80
0 114
0 113
0 48
0 26
0 104
0 89
0 73
0 81
1 125 80
1 129 34
0 50
0 64
0 65
1 128 80
1 126 26
1 127 89
1 4 81
2 129
2 128
2 127
2 126
2 125
END_STATE
END_LABELED_STATE
BEGIN_LABELED_STATE
0
BEGIN_STATE
0 41
0 33
0 25
0 39
0 75
0 67
0 80
0 114
0 49
0 113
0 47
0 63
0 104
0 112
0 96
0 42
1 125 80
1 129 88
0 65
1 128 73
1 126 65
1 127 55
1 4 23
2 129
2 128
2 127
2 126
2 125
END_STATE
END_LABELED_STATE
BEGIN_LABELED_STATE
0
BEGIN_STATE
0 41
0 31
0 56
0 55
0 18
0 62
0 75
0 67
0 80
0 106
0 114
0 49
0 88
0 105
0 48
0 26
0 63
0 112
0 42
0 34
0 73
1 125 112
1 129 50
0 66
0 64
1 128 39
1 126 31
1 127 114
1 4 96
2 129
2 128
2 127
2 126
2 125
END_STATE
END_LABELED_STATE
BEGIN_LABELED_STATE
0
BEGIN_STATE
0 24
0 41
0 31
0 54
0 55
0 33
0 18
0 62
0 106
0 114
0 74
0 47
0 104
0 96
0 97
0 89
1 125 106
1 129 50
0 50
0 64
1 128 42
1 126 54
1 127 18
1 4 96
2 129
2 128
2 127
2 126
2 125
END_STATE
END_LABELED_STATE
BEGIN_LABELED_STATE
12
BEGIN_STATE
0 17
0 24
0 41
0 33
0 23
0 62
0 75
0 67
0 80
0 106
0 74
0 105
0 26
0 47
0 63
0 104
0 96
0 34
0 97
0 89
0 73
1 125 62
1 129 67
0 66
0 64
0 65
1 128 64
1 126 104
1 127 80
1 4 58
2 129
2 127
2 126
2 125
END_STATE
END_LABELED_STATE
BEGIN_LABELED_STATE
11
BEGIN_STATE
0 17
0 24
0 41
0 33
0 23
0 62
0 75
0 67
0 80
0 106
0 74
0 105
0 26
0 47
0 63
0 104
0 96
0 58
0 34
0 97
0 89
0 73
1 125 62
1 129 67
0 64
0 65
1 128 64
1 126 104
1 127 80
1 4 66
2 129
2 127
2 126
2 125
END_STATE
END_LABELED_STATE
BEGIN_LABELED_STATE
10
BEGIN_STATE
0 17
0 24
0 41
0 33
0 23
0 62
0 75
0 67
0 80
0 106
0 74
0 105
0 26
0 47
0 63
0 104
0 96
0 58
0 34
0 97
0 89
0 73
1 125 62
1 129 67
0 66
0 64
1 128 64
1 126 104
1 127 80
1 4 65
2 129
2 127
2 126
2 125
END_STATE
END_LABELED_STATE
BEGIN_LABELED_STATE
9
BEGIN_STATE
0 17
0 24
0 41
0 33
0 23
0 62
0 75
0 67
0 80
0 106
0 74
0 105
0 26
0 47
0 63
0 104
0 96
0 58
0 34
0 97
0 89
0 73
1 125 62
1 129 67
0 66
0 65
1 128 64
1 126 104
1 127 80
1 4 64
2 129
2 127
2 126
2 125
END_STATE
END_LABELED_STATE
BEGIN_LABELED_STATE
8
BEGIN_STATE
0 17
0 24
0 41
0 33
0 23
0 62
0 75
0 67
0 80
0 106
0 74
0 105
0 26
0 47
0 104
0 96
0 58
0 34
0 97
0 89
0 73
1 125 62
1 129 67
0 66
0 64
0 65
1 128 64
1 126 104
1 127 80
1 4 63
2 129
2 127
2 126
2 125
END_STATE
END_LABELED_STATE
BEGIN_LABELED_STATE
7
BEGIN_STATE
0 17
0 24
0 41
0 33
0 23
0 62
0 75
0 67
0 80
0 106
0 74
0 105
0 26
0 47
0 63
0 104
0 96
0 58
0 34
0 97
0 89
0 73
1 125 62
1 129 67
0 66
0 64
1 128 65
1 126 104
1 127 80
1 4 64
2 129
2 127
2 126
2 125
END_STATE
END_LABELED_STATE
BEGIN_LABELED_STATE
6
BEGIN_STATE
0 17
0 24
0 41
0 33
0 23
0 62
0 75
0 67
0 80
0 106
0 74
0 105
0 26
0 47
0 63
0 104
0 96
0 58
0 34
0 97
0 89
0 73
1 125 62
1 129 67
0 64
1 128 66
1 126 104
1 127 80
1 4 65
2 129
2 127
2 126
2 125
END_STATE
END_LABELED_STATE
BEGIN_LABELED_STATE
5
BEGIN_STATE
0 17
0 24
0 41
0 33
0 23
0 62
0 75
0 67
0 80
0 106
0 74
0 105
0 26
0 47
0 63
0 104
0 96
0 58
0 34
0 97
0 89
1 125 62
1 129 67
0 64
0 65
1 128 66
1 126 104
1 127 80
1 4 73
2 129
2 127
2 126
2 125
END_STATE
END_LABELED_STATE
BEGIN_LABELED_STATE
4
BEGIN_STATE
0 17
0 24
0 41
0 33
0 23
0 62
0 75
0 67
0 80
0 106
0 105
0 26
0 47
0 63
0 104
0 96
0 58
0 34
0 97
0 89
0 73
1 125 62
1 129 67
0 64
0 65
1 128 66
1 126 104
1 127 80
1 4 74
2 129
2 127
2 126
2 125
END_STATE
END_LABELED_STATE
BEGIN_LABELED_STATE
3
BEGIN_STATE
0 17
0 24
0 41
0 33
0 23
0 62
0 67
0 80
0 106
0 74
0 105
0 26
0 47
0 63
0 104
0 96
0 58
0 34
0 97
0 89
0 73
1 125 62
1 129 67
0 64
0 65
1 128 66
1 126 104
1 127 80
1 4 75
2 129
2 127
2 126
2 125
END_STATE
END_LABELED_STATE
BEGIN_LABELED_STATE
2
BEGIN_STATE
0 17
0 24
0 41
0 33
0 23
0 62
0 75
0 80
0 106
0 74
0 105
0 26
0 47
0 63
0 104
0 96
0 58
0 34
0 97
0 89
0 73
1 125 62
1 129 67
0 64
0 65
1 128 66
1 126 104
1 127 80
1 4 67
2 129
2 127
2 126
2 125
END_STATE
END_LABELED_STATE
BEGIN_LABELED_STATE
1
BEGIN_STATE
0 17
0 24
0 41
0 33
0 23
0 62
0 75
0 67
0 80
0 106
0 74
0 105
0 26
0 47
0 63
0 104
0 96
0 58
0 34
0 97
0 89
0 73
1 125 62
1 129 67
0 64
1 128 65
1 126 104
1 127 80
1 4 66
2 129
2 127
2 126
2 125
END_STATE
END_LABELED_STATE
BEGIN_LABELED_STATE
0
BEGIN_STATE
0 17
0 24
0 41
0 33
0 23
0 62
0 75
0 67
0 80
0 106
0 74
0 105
0 26
0 47
0 63
0 104
0 96
0 58
0 34
0 97
0 89
0 73
1 125 62
1 129 67
0 66
1 128 64
1 126 104
1 127 80
1 4 65
2 129
2 128
2 127
2 126
2 125
END_STATE
END_LABELED_STATE
BEGIN_LABELED_STATE
0
BEGIN_STATE
0 41
0 54
0 56
0 55
0 25
0 23
0 39
0 18
0 75
0 67
0 114
0 49
0 88
0 105
0 48
0 47
0 63
0 104
0 96
0 42
0 34
0 97
0 89
0 81
1 125 63
1 129 89
0 66
0 50
0 65
1 128 26
1 126 26
1 127 31
1 4 63
2 129
2 128
2 127
2 126
2 125
END_STATE
END_LABELED_STATE
BEGIN_LABELED_STATE
0
BEGIN_STATE
0 41
0 56
0 55
0 33
0 23
0 39
0 18
0 62
0 67
0 80
0 106
0 49
0 74
0 113
0 105
0 48
0 47
0 104
0 96
0 58
0 42
0 97
0 89
0 81
1 125 18
1 129 67
0 65
1 128 62
1 126 56
1 127 113
1 4 73
2 129
2 128
2 127
2 126
2 125
END_STATE
END_LABELED_STATE
BEGIN_LABELED_STATE
0
BEGIN_STATE
0 24
0 41
0 54
0 56
0 55
0 33
0 25
0 39
0 18
0 80
0 106
0 49
0 105
0 47
0 63
0 104
0 112
1 125 66
1 129 64
0 50
0 64
0 65
1 128 67
1 126 33
1 127 88
1 4 42
2 129
2 128
2 127
2 126
2 125
END_STATE
END_LABELED_STATE
BEGIN_LABELED_STATE
0
BEGIN_STATE
0 24
0 41
0 31
0 54
0 55
0 25
0 39
0 18
0 62
0 106
0 113
0 105
0 48
0 104
0 58
0 97
0 89
0 73
1 125 18
1 129 34
0 50
0 65
1 128 49
1 126 62
1 127 97
1 4 106
2 129
2 128
2 127
2 126
2 125
END_STATE
END_LABELED_STATE
BEGIN_LABELED_STATE
0
BEGIN_STATE
0 17
0 24
0 31
0 54
0 55
0 33
0 25
0 39
0 18
0 75
0 67
0 106
0 88
0 48
0 26
0 47
0 63
0 104
0 96
0 58
0 97
0 73
0 81
1 125 64
1 129 50
0 50
0 65
1 128 104
1 126 23
1 127 73
1 4 80
2 129
2 128
2 127
2 126
2 125
END_STATE
END_LABELED_STATE
BEGIN_LABELED_STATE
0
BEGIN_STATE
0 17
0 24
0 41
0 54
0 56
0 39
0 62
0 75
0 106
0 49
0 88
0 105
0 26
0 63
0 112
0 96
0 58
0 73
0 81
1 125 62
1 129 73
0 50
0 64
1 128 89
1 126 25
1 127 97
1 4 64
2 129
2 128
2 127
2 126
2 125
END_STATE
END_LABELED_STATE
BEGIN_LABELED_STATE
0
BEGIN_STATE
0 17
0 24
0 41
0 31
0 56
0 55
0 33
0 23
0 62
0 75
0 88
0 105
0 26
0 47
0 63
0 112
0 96
0 42
0 73
1 125 18
1 129 96
0 66
1 128 113
1 126 66
1 127 39
1 4 64
2 129
2 128
2 127
2 126
2 125
END_STATE
END_LABELED_STATE
BEGIN_LABELED_STATE
0
BEGIN_STATE
0 24
0 31
0 54
0 33
0 18
0 75
0 67
0 80
0 88
0 105
0 26
0 47
0 104
0 112
0 97
0 73
0 81
1 125 114
1 129 106
1 128 62
1 126 114
1 127 67
1 4 97
2 129
2 128
2 127
2 126
2 125
END_STATE
END_LABELED_STATE
BEGIN_LABELED_STATE
0
BEGIN_STATE
0 17
0 24
0 41
0 31
0 56
0 55
0 33
0 25
0 23
0 18
0 75
0 80
0 114
0 49
0 74
0 88
0 48
0 47
0 112
0 58
0 42
0 97
0 89
0 73
1 125 26
1 129 62
0 66
0 50
0 65
1 128 18
1 126 73
1 127 67
1 4 112
2 129
2 128
2 127
2 126
2 125
END_STATE
END_LABELED_STATE
BEGIN_LABELED_STATE
0
BEGIN_STATE
0 17
0 24
0 56
0 25
0 18
0 62
0 75
0 67
0 106
0 114
0 88
0 105
0 26
0 104
0 112
0 96
0 58
0 73
0 81
1 125 64
1 129 65
0 66
0 50
0 65
1 128 58
1 126 80
1 127 105
1 4 56
2 129
2 128
2 127
2 126
2 125
END_STATE
END_LABELED_STATE
BEGIN_LABELED_STATE
0
BEGIN_STATE
0 17
0 24
0 41
0 31
0 54
0 55
0 23
0 18
0 106
0 114
0 74
0 88
0 105
0 26
0 104
0 96
0 42
0 97
0 89
0 73
1 125 88
1 129 105
0 66
0 64
1 128 75
1 126 104
1 127 17
1 4 56
2 129
2 128
2 127
2 126
2 125
END_STATE
END_LABELED_STATE
BEGIN_LABELED_STATE
0
BEGIN_STATE
0 17
0 24
0 41
0 31
0 54
0 56
0 25
0 23
0 18
0 67
0 106
0 49
0 74
0 88
0 113
0 105
0 26
0 63
0 112
0 96
0 58
0 34
0 97
0 73
0 81
1 125 114
1 129 67
0 66
0 64
0 65
1 128 31
1 126 26
1 127 80
1 4 47
2 129
2 128
2 127
2 126
2 125
END_STATE
END_LABELED_STATE
BEGIN_LABELED_STATE
0
BEGIN_STATE
0 41
0 31
0 56
0 33
0 25
0 23
0 62
0 75
0 67
0 114
0 49
0 63
0 112
0 96
0 42
0 97
0 89
0 81
1 125 114
1 129 113
0 66
0 50
0 64
1 128 80
1 126 114
1 127 88
1 4 74
2 129
2 128
2 127
2 126
2 125
END_STATE
END_LABELED_STATE
BEGIN_LABELED_STATE
0
BEGIN_STATE
0 24
0 31
0 56
0 55
0 33
0 25
0 62
0 67
0 80
0 114
0 113
0 26
0 47
0 104
0 112
0 34
0 97
0 81
1 125 67
1 129 113
0 66
0 64
1 128 114
1 126 73
1 127 41
1 4 114
2 129
2 128
2 127
2 126
2 125
END_STATE
END_LABELED_STATE
BEGIN_LABELED_STATE
7
BEGIN_STATE
0 24
0 41
0 31
0 54
0 33
0 18
0 62
0 80
0 106
0 74
0 88
0 113
0 26
0 63
0 104
0 112
0 96
0 58
0 42
0 34
0 89
0 73
0 81
1 125 65
1 129 97
0 66
0 50
0 64
1 128 96
1 126 88
1 127 73
1 4 96
2 129
2 128
2 127
2 126
END_STATE
END_LABELED_STATE
BEGIN_LABELED_STATE
6
BEGIN_STATE
0 24
0 41
0 31
0 54
0 33
0 18
0 62
0 80
0 106
0 74
0 113
0 26
0 63
0 104
0 112
0 96
0 58
0 42
0 34
0 89
0 73
0 81
1 125 65
1 129 97
0 66
0 50
0 64
1 128 96
1 126 88
1 127 73
1 4 88
2 129
2 128
2 127
2 126
END_STATE
END_LABELED_STATE
BEGIN_LABELED_STATE
5
BEGIN_STATE
0 24
0 41
0 31
0 54
0 33
0 18
0 62
0 106
0 74
0 88
0 113
0 26
0 63
0 104
0 112
0 96
0 58
0 42
0 34
0 89
0 73
0 81
1 125 65
1 129 97
0 66
0 50
0 64
1 128 96
1 126 88
1 127 73
1 4 80
2 129
2 128
2 127
2 126
END_STATE
END_LABELED_STATE
BEGIN_LABELED_STATE
4
BEGIN_STATE
0 24
0 41
0 31
0 54
0 33
0 18
0 62
0 80
0 106
0 74
0 88
0 113
0 26
0 63
0 104
0 112
0 96
0 58
0 42
0 34
0 89
0 73
1 125 65
1 129 97
0 66
0 50
0 64
1 128 96
1 126 88
1 127 73
1 4 81
2 129
2 128
2 127
2 126
END_STATE
END_LABELED_STATE
BEGIN_LABELED_STATE
3
BEGIN_STATE
0 24
0 41
0 31
0 54
0 33
0 18
0 62
0 80
0 106
0 74
0 88
0 113
0 26
0 63
0 104
0 112
0 96
0 58
0 42
0 34
0 89
0 81
1 125 65
1 129 97
0 66
0 50
0 64
1 128 96
1 126 88
1 127 73
1 4 73
2 129
2 128
2 127
2 126
END_STATE
END_LABELED_STATE
BEGIN_LABELED_STATE
2
BEGIN_STATE
0 24
0 41
0 31
0 54
0 33
0 18
0 62
0 80
0 106
0 88
0 113
0 26
0 63
0 104
0 112
0 96
0 58
0 42
0 34
0 89
0 73
0 81
1 125 65
1 129 97
0 66
0 50
0 64
1 128 96
1 126 88
1 127 73
1 4 74
2 129
2 128
2 127
2 126
END_STATE
END_LABELED_STATE
BEGIN_LABELED_STATE
1
BEGIN_STATE
0 24
0 41
0 31
0 54
0 33
0 18
0 62
0 80
0 106
0 74
0 88
0 113
0 26
0 63
0 104
0 112
0 96
0 58
0 42
0 34
0 89
0 73
0 81
1 125 65
1 129 97
0 50
0 64
1 128 96
1 126 88
1 127 73
1 4 66
2 129
2 128
2 127
2 126
END_STATE
END_LABELED_STATE
BEGIN_LABELED_STATE
0
BEGIN_STATE
0 24
0 41
0 31
0 54
0 33
0 18
0 62
0 80
0 106
0 74
0 88
0 113
0 26
0 63
0 104
0 112
0 96
0 58
0 42
0 34
0 89
0 73
0 81
1 125 64
1 129 97
0 66
0 50
1 128 96
1 126 88
1 127 73
1 4 65
2 129
2 128
2 127
2 126
2 125
END_STATE
END_LABELED_STATE
BEGIN_LABELED_STATE
0
BEGIN_STATE
0 17
0 24
0 41
0 54
0 56
0 25
0 39
0 18
0 62
0 80
0 106
0 49
0 113
0 105
0 48
0 47
0 63
0 97
0 89
0 81
1 125 96
1 129 104
0 66
0 64
1 128 42
1 126 80
1 127 113
1 4 104
2 129
2 128
2 127
2 126
2 125
END_STATE
END_LABELED_STATE
BEGIN_LABELED_STATE
0
BEGIN_STATE
0 24
0 41
0 54
0 55
0 25
0 23
0 39
0 67
0 80
0 49
0 74
0 88
0 105
0 48
0 112
0 58
0 42
0 34
0 97
0 89
0 73
0 81
1 125 106
1 129 64
0 64
1 128 50
1 126 105
1 127 65
1 4 31
2 129
2 128
2 127
2 126
2 125
END_STATE
END_LABELED_STATE
BEGIN_LABELED_STATE
0
BEGIN_STATE
0 17
0 56
0 33
0 18
0 75
0 67
0 106
0 74
0 113
0 105
0 47
0 63
0 34
0 89
1 125 18
1 129 65
0 66
0 64
0 65
1 128 67
1 126 24
1 127 64
1 4 106
2 129
2 128
2 127
2 126
2 125
END_STATE
END_LABELED_STATE
BEGIN_LABELED_STATE
0
BEGIN_STATE
0 41
0 31
0 33
0 18
0 62
0 80
0 106
0 114
0 49
0 74
0 88
0 105
0 26
0 104
0 112
0 96
0 58
0 34
0 97
0 73
0 81
1 125 81
1 129 104
0 64
0 65
1 128 58
1 126 18
1 127 80
1 4 64
2 129
2 128
2 127
2 126
2 125
END_STATE
END_LABELED_STATE
BEGIN_LABELED_STATE
0
BEGIN_STATE
0 17
0 24
0 31
0 56
0 33
0 25
0 39
0 67
0 80
0 49
0 74
0 88
0 113
0 48
0 104
0 96
0 42
0 97
1 125 26
1 129 74
1 128 54
1 126 105
1 127 25
1 4 89
2 129
2 128
2 127
2 126
2 125
END_STATE
END_LABELED_STATE
BEGIN_LABELED_STATE
0
BEGIN_STATE
0 17
0 41
0 31
0 54
0 55
0 25
0 23
0 39
0 18
0 62
0 75
0 80
0 49
0 74
0 88
0 48
0 47
0 104
0 112
0 34
0 97
0 89
0 81
1 125 74
1 129 97
0 66
0 64
0 65
1 128 48
1 126 114
1 127 63
1 4 42
2 129
2 128
2 127
2 126
2 125
END_STATE
END_LABELED_STATE
BEGIN_LABELED_STATE
0
BEGIN_STATE
0 41
0 54
0 56
0 33
0 23
0 18
0 80
0 114
0 26
0 47
0 34
0 73
1 125 89
1 129 105
0 66
0 64
0 65
1 128 18
1 126 34
1 127 75
1 4 18
2 129
2 128
2 127
2 126
2 125
END_STATE
END_LABELED_STATE
BEGIN_LABELED_STATE
0
BEGIN_STATE
0 17
0 41
0 54
0 56
0 33
0 25
0 18
0 62
0 75
0 67
0 80
0 114
0 49
0 88
0 48
0 47
0 104
0 112
0 81
1 125 113
1 129 62
0 66
0 64
1 128 67
1 126 62
1 127 96
1 4 106
2 129
2 128
2 127
2 126
2 125
END_STATE
END_LABELED_STATE
BEGIN_LABELED_STATE
0
BEGIN_STATE
0 54
0 56
0 33
0 25
0 39
0 62
0 75
0 67
0 106
0 114
0 49
0 74
0 88
0 105
0 48
0 26
0 96
1 125 114
1 129 113
0 50
0 64
0 65
1 128 50
1 126 34
1 127 65
1 4 89
2 129
2 128
2 127
2 126
2 125
END_STATE
END_LABELED_STATE
BEGIN_LABELED_STATE
0
BEGIN_STATE
0 17
0 56
0 33
0 25
0 23
0 75
0 67
0 106
0 114
0 74
0 113
0 105
0 48
0 104
0 42
0 34
0 81
1 125 74
1 129 50
0 66
0 65
1 128 114
1 126 47
1 127 66
1 4 66
2 129
2 128
2 127
2 126
2 125
END_STATE
END_LABELED_STATE
BEGIN_LABELED_STATE
0
BEGIN_STATE
0 17
0 55
0 33
0 25
0 18
0 62
0 49
0 88
0 113
0 48
0 63
0 96
0 58
0 42
0 34
0 73
1 125 112
1 129 81
0 66
0 50
0 64
0 65
1 128 18
1 126 75
1 127 25
1 4 80
2 129
2 128
2 127
2 126
2 125
END_STATE
END_LABELED_STATE
BEGIN_LABELED_STATE
0
BEGIN_STATE
0 55
0 23
0 39
0 62
0 80
0 114
0 49
0 26
0 47
0 63
0 104
0 112
0 42
0 34
1 125 106
1 129 74
0 66
0 50
0 64
0 65
1 128 54
1 126 54
1 127 89
1 4 56
2 129
2 128
2 127
2 126
2 125
END_STATE
END_LABELED_STATE
BEGIN_LABELED_STATE
0
BEGIN_STATE
0 17
0 41
0 56
0 39
0 114
0 49
0 74
0 88
0 48
0 63
0 104
0 112
0 97
0 73
0 81
1 125 113
1 129 89
0 50
0 64
0 65
1 128 89
1 126 62
1 127 47
1 4 56
2 129
2 128
2 127
2 126
2 125
END_STATE
END_LABELED_STATE
BEGIN_LABELED_STATE
0
BEGIN_STATE
0 41
0 31
0 56
0 23
0 106
0 114
0 74
0 88
0 113
0 26
0 47
0 63
0 104
0 96
0 42
0 97
0 89
0 73
1 125 58
1 129 67
0 66
0 64
1 128 89
1 126 31
1 127 49
1 4 17
2 129
2 128
2 127
2 126
2 125
END_STATE
END_LABELED_STATE
BEGIN_LABELED_STATE
0
BEGIN_STATE
0 17
0 41
0 54
0 56
0 25
0 39
0 18
0 62
0 67
0 105
0 26
0 112
0 58
0 34
0 97
0 89
0 73
1 125 96
1 129 67
0 64
1 128 89
1 126 39
1 127 114
1 4 80
2 129
2 128
2 127
2 126
2 125
END_STATE
END_LABELED_STATE
BEGIN_LABELED_STATE
4
BEGIN_STATE
0 17
0 41
0 31
0 56
0 25
0 23
0 39
0 18
0 62
0 67
0 80
0 106
0 49
0 88
0 113
0 47
0 112
0 58
0 42
0 34
1 125 74
1 129 65
0 66
0 50
0 64
1 128 113
1 126 74
1 127 33
1 4 49
2 128
2 127
2 126
2 125
END_STATE
END_LABELED_STATE
BEGIN_LABELED_STATE
3
BEGIN_STATE
0 17
0 41
0 31
0 56
0 25
0 23
0 39
0 18
0 62
0 67
0 80
0 106
0 49
0 88
0 113
0 47
0 112
0 58
0 42
0 34
1 125 74
1 129 65
0 66
0 64
1 128 113
1 126 74
1 127 33
1 4 50
2 128
2 127
2 126
2 125
END_STATE
END_LABELED_STATE
BEGIN_LABELED_STATE
2
BEGIN_STATE
0 17
0 41
0 31
0 56
0 25
0 23
0 39
0 18
0 62
0 67
0 80
0 106
0 49
0 88
0 113
0 47
0 112
0 42
0 34
1 125 74
1 129 65
0 66
0 50
0 64
1 128 113
1 126 74
1 127 33
1 4 58
2 128
2 127
2 126
2 125
END_STATE
END_LABELED_STATE
BEGIN_LABELED_STATE
1
BEGIN_STATE
0 17
0 41
0 31
0 56
0 25
0 23
0 39
0 18
0 62
0 67
0 80
0 106
0 49
0 88
0 113
0 47
0 112
0 58
0 42
0 34
1 125 74
1 129 65
0 50
0 64
1 128 113
1 126 74
1 127 33
1 4 66
2 128
2 127
2 126
2 125
END_STATE
END_LABELED_STATE
BEGIN_LABELED_STATE
0
BEGIN_STATE
0 17
0 41
0 31
0 56
0 25
0 23
0 39
0 18
0 62
0 67
0 80
0 106
0 49
0 88
0 113
0 47
0 112
0 58
0 42
0 34
1 125 74
1 129 64
0 66
0 50
1 128 113
1 126 74
1 127 33
1 4 65
2 129
2 128
2 127
2 126
2 125
END_STATE
END_LABELED_STATE
BEGIN_LABELED_STATE
2
BEGIN_STATE
0 24
0 54
0 56
0 33
0 25
0 23
0 39
0 18
0 62
0 75
0 80
0 106
0 114
0 49
0 74
0 113
0 26
0 47
0 112
0 42
0 73
0 81
1 125 113
1 129 50
0 66
0 65
1 128 56
1 126 31
1 127 17
1 4 113
2 129
2 128
2 127
2 126
END_STATE
END_LABELED_STATE
BEGIN_LABELED_STATE
1
BEGIN_STATE
0 24
0 54
0 56
0 33
0 25
0 23
0 39
0 18
0 62
0 75
0 80
0 106
0 49
0 74
0 113
0 26
0 47
0 112
0 42
0 73
0 81
1 125 113
1 129 50
0 66
0 65
1 128 56
1 126 31
1 127 17
1 4 114
2 129
2 128
2 127
2 126
END_STATE
END_LABELED_STATE
BEGIN_LABELED_STATE
0
BEGIN_STATE
0 24
0 54
0 56
0 33
0 25
0 23
0 39
0 18
0 62
0 75
0 80
0 106
0 114
0 49
0 74
0 113
0 26
0 47
0 42
0 73
0 81
1 125 112
1 129 50
0 66
0 65
1 128 56
1 126 31
1 127 17
1 4 113
2 129
2 128
2 127
2 126
2 125
END_STATE
END_LABELED_STATE
BEGIN_LABELED_STATE
0
BEGIN_STATE
0 41
0 31
0 56
0 25
0 23
0 39
0 62
0 75
0 67
0 80
0 106
0 49
0 74
0 113
0 105
0 63
0 104
0 112
0 96
0 34
0 97
1 125 67
1 129 96
0 50
0 64
1 128 97
1 126 31
1 127 26
1 4 65
2 129
2 128
2 127
2 126
2 125
END_STATE
END_LABELED_STATE
BEGIN_LABELED_STATE
0
BEGIN_STATE
0 56
0 23
0 39
0 18
0 62
0 67
0 80
0 114
0 88
0 105
0 47
0 58
0 42
0 34
0 89
0 81
1 125 89
1 129 113
0 50
0 64
0 65
1 128 42
1 126 80
1 127 65
1 4 42
2 129
2 128
2 127
2 126
2 125
END_STATE
END_LABELED_STATE
BEGIN_LABELED_STATE
2
BEGIN_STATE
0 54
0 56
0 55
0 33
0 18
0 62
0 80
0 105
0 26
0 47
0 63
0 104
0 42
0 89
1 125 66
1 129 89
0 65
1 128 26
1 126 62
1 127 55
1 4 62
2 129
2 128
2 126
2 125
END_STATE
END_LABELED_STATE
BEGIN_LABELED_STATE
1
BEGIN_STATE
0 56
0 55
0 33
0 18
0 62
0 80
0 105
0 26
0 47
0 63
0 104
0 42
0 89
1 125 66
1 129 89
0 65
1 128 26
1 126 62
1 127 55
1 4 54
2 129
2 128
2 126
2 125
END_STATE
END_LABELED_STATE
BEGIN_LABELED_STATE
0
BEGIN_STATE
0 54
0 55
0 33
0 18
0 62
0 80
0 105
0 26
0 47
0 63
0 104
0 42
0 89
1 125 66
1 129 89
0 65
1 128 26
1 126 62
1 127 56
1 4 55
2 129
2 128
2 127
2 126
2 125
END_STATE
END_LABELED_STATE
BEGIN_LABELED_STATE
2
BEGIN_STATE
0 17
0 31
0 54
0 56
0 55
0 33
0 25
0 23
0 62
0 67
0 106
0 48
0 47
0 63
0 58
0 42
0 34
0 97
0 81
1 125 63
1 129 63
0 66
0 64
1 128 65
1 126 81
1 127 106
1 4 63
2 128
2 127
2 126
2 125
END_STATE
END_LABELED_STATE
BEGIN_LABELED_STATE
1
BEGIN_STATE
0 17
0 31
0 54
0 56
0 55
0 33
0 25
0 23
0 67
0 106
0 48
0 47
0 63
0 58
0 42
0 34
0 97
0 81
1 125 63
1 129 63
0 66
0 64
1 128 65
1 126 81
1 127 106
1 4 62
2 128
2 127
2 126
2 125
END_STATE
END_LABELED_STATE
BEGIN_LABELED_STATE
0
BEGIN_STATE
0 17
0 31
0 54
0 56
0 55
0 33
0 25
0 23
0 62
0 67
0 106
0 48
0 47
0 63
0 58
0 42
0 34
0 97
0 81
1 125 63
1 129 64
0 66
1 128 65
1 126 81
1 127 106
1 4 63
2 129
2 128
2 127
2 126
2 125
END_STATE
END_LABELED_STATE
BEGIN_LABELED_STATE
0
BEGIN_STATE
0 41
0 56
0 55
0 23
0 18
0 62
0 106
0 114
0 49
0 74
0 88
0 113
0 105
0 48
0 26
0 47
0 63
0 34
0 89
0 81
1 125 73
1 129 62
0 65
1 128 105
1 126 63
1 127 105
1 4 89
2 129
2 128
2 127
2 126
2 125
END_STATE
END_LABELED_STATE
BEGIN_LABELED_STATE
0
BEGIN_STATE
0 24
0 23
0 39
0 62
0 67
0 114
0 49
0 74
0 88
0 113
0 105
0 48
0 26
0 112
0 96
0 42
0 97
0 89
0 73
1 125 63
1 129 81
0 65
1 128 56
1 126 56
1 127 89
1 4 104
2 129
2 128
2 127
2 126
2 125
END_STATE
END_LABELED_STATE
BEGIN_LABELED_STATE
0
BEGIN_STATE
0 17
0 41
0 39
0 18
0 62
0 49
0 88
0 112
0 96
0 58
0 34
0 89
1 125 65
1 129 89
0 64
1 128 73
1 126 31
1 127 56
1 4 113
2 129
2 128
2 127
2 126
2 125
END_STATE
END_LABELED_STATE
BEGIN_LABELED_STATE
0
BEGIN_STATE
0 17
0 24
0 41
0 54
0 56
0 25
0 23
0 39
0 62
0 75
0 67
0 49
0 113
0 105
0 47
0 104
0 58
0 34
0 97
0 89
0 73
0 81
1 125 58
1 129 106
0 66
0 65
1 128 31
1 126 55
1 127 54
1 4 33
2 129
2 128
2 127
2 126
2 125
END_STATE
END_LABELED_STATE
BEGIN_LABELED_STATE
0
BEGIN_STATE
0 31
0 55
0 25
0 23
0 18
0 62
0 75
0 67
0 114
0 49
0 74
0 48
0 63
0 104
0 96
0 58
0 42
0 97
0 89
0 73
0 81
1 125 113
1 129 113
0 66
0 50
0 64
1 128 114
1 126 48
1 127 65
1 4 34
2 129
2 128
2 127
2 126
2 125
END_STATE
END_LABELED_STATE
BEGIN_LABELED_STATE
0
BEGIN_STATE
0 17
0 24
0 41
0 31
0 54
0 33
0 25
0 23
0 39
0 18
0 75
0 106
0 74
0 113
0 48
0 47
0 104
0 112
0 42
0 34
0 97
0 73
0 81
1 125 50
1 129 81
0 65
1 128 31
1 126 17
1 127 41
1 4 48
2 129
2 128
2 127
2 126
2 125
END_STATE
END_LABELED_STATE
BEGIN_LABELED_STATE
5
BEGIN_STATE
0 17
0 41
0 31
0 54
0 55
0 33
0 62
0 75
0 67
0 80
0 74
0 113
0 105
0 26
0 47
0 63
0 104
0 112
0 96
0 89
0 73
0 81
1 125 81
1 129 88
0 64
0 65
1 128 96
1 126 63
1 127 50
1 4 65
2 129
2 127
2 126
2 125
END_STATE
END_LABELED_STATE
BEGIN_LABELED_STATE
4
BEGIN_STATE
0 17
0 41
0 31
0 54
0 55
0 33
0 62
0 75
0 67
0 80
0 74
0 113
0 105
0 26
0 47
0 63
0 104
0 112
0 96
0 89
0 81
1 125 81
1 129 88
0 64
0 65
1 128 96
1 126 63
1 127 50
1 4 73
2 129
2 127
2 126
2 125
END_STATE
END_LABELED_STATE
BEGIN_LABELED_STATE
3
BEGIN_STATE
0 17
0 41
0 31
0 54
0 55
0 33
0 62
0 75
0 67
0 80
0 74
0 113
0 105
0 26
0 47
0 63
0 104
0 112
0 96
0 89
0 73
1 125 81
1 129 88
0 64
0 65
1 128 96
1 126 63
1 127 50
1 4 81
2 129
2 127
2 126
2 125
END_STATE
END_LABELED_STATE
BEGIN_LABELED_STATE
2
BEGIN_STATE
0 17
0 41
0 31
0 54
0 55
0 33
0 62
0 75
0 67
0 74
0 113
0 105
0 26
0 47
0 63
0 104
0 112
0 96
0 89
0 73
0 81
1 125 81
1 129 88
0 64
0 65
1 128 96
1 126 63
1 127 50
1 4 80
2 129
2 127
2 126
2 125
END_STATE
END_LABELED_STATE
BEGIN_LABELED_STATE
1
BEGIN_STATE
0 17
0 41
0 31
0 54
0 55
0 33
0 62
0 75
0 67
0 80
0 74
0 113
0 105
0 26
0 47
0 63
0 104
0 112
0 89
0 73
0 81
1 125 81
1 129 96
0 64
0 65
1 128 96
1 126 63
1 127 50
1 4 88
2 129
2 127
2 126
2 125
END_STATE
END_LABELED_STATE
BEGIN_LABELED_STATE
0
BEGIN_STATE
0 17
0 41
0 31
0 54
0 55
0 33
0 62
0 75
0 67
0 80
0 74
0 88
0 113
0 105
0 26
0 47
0 63
0 112
0 89
0 73
0 81
1 125 81
1 129 96
0 64
0 65
1 128 104
1 126 63
1 127 50
1 4 96
2 129
2 128
2 127
2 126
2 125
END_STATE
END_LABELED_STATE
END_STATE_LIST
