BEGIN_TYPES
0 -1 object
1 0 thing
2 0 location
3 0 direction
4 1 player
5 1 stone
END_TYPES
BEGIN_OBJECTS
0 3 dir-down
1 3 dir-left
2 3 dir-right
3 3 dir-up
4 4 player-01
5 2 pos-01-01
6 2 pos-01-02
7 2 pos-01-03
8 2 pos-01-04
9 2 pos-01-05
10 2 pos-01-06
11 2 pos-01-07
12 2 pos-01-08
13 2 pos-01-09
14 2 pos-01-10
15 2 pos-01-11
16 2 pos-02-01
17 2 pos-02-02
18 2 pos-02-03
19 2 pos-02-04
20 2 pos-02-05
21 2 pos-02-06
22 2 pos-02-07
23 2 pos-02-08
24 2 pos-02-09
25 2 pos-02-10
26 2 pos-02-11
27 2 pos-03-01
28 2 pos-03-02
29 2 pos-03-03
30 2 pos-03-04
31 2 pos-03-05
32 2 pos-03-06
33 2 pos-03-07
34 2 pos-03-08
35 2 pos-03-09
36 2 pos-03-10
37 2 pos-03-11
38 2 pos-04-01
39 2 pos-04-02
40 2 pos-04-03
41 2 pos-04-04
42 2 pos-04-05
43 2 pos-04-06
44 2 pos-04-07
45 2 pos-04-08
46 2 pos-04-09
47 2 pos-04-10
48 2 pos-04-11
49 2 pos-05-01
50 2 pos-05-02
51 2 pos-05-03
52 2 pos-05-04
53 2 pos-05-05
54 2 pos-05-06
55 2 pos-05-07
56 2 pos-05-08
57 2 pos-05-09
58 2 pos-05-10
59 2 pos-05-11
60 2 pos-06-01
61 2 pos-06-02
62 2 pos-06-03
63 2 pos-06-04
64 2 pos-06-05
65 2 pos-06-06
66 2 pos-06-07
67 2 pos-06-08
68 2 pos-06-09
69 2 pos-06-10
70 2 pos-06-11
71 2 pos-07-01
72 2 pos-07-02
73 2 pos-07-03
74 2 pos-07-04
75 2 pos-07-05
76 2 pos-07-06
77 2 pos-07-07
78 2 pos-07-08
79 2 pos-07-09
80 2 pos-07-10
81 2 pos-07-11
82 2 pos-08-01
83 2 pos-08-02
84 2 pos-08-03
85 2 pos-08-04
86 2 pos-08-05
87 2 pos-08-06
88 2 pos-08-07
89 2 pos-08-08
90 2 pos-08-09
91 2 pos-08-10
92 2 pos-08-11
93 2 pos-09-01
94 2 pos-09-02
95 2 pos-09-03
96 2 pos-09-04
97 2 pos-09-05
98 2 pos-09-06
99 2 pos-09-07
100 2 pos-09-08
101 2 pos-09-09
102 2 pos-09-10
103 2 pos-09-11
104 2 pos-10-01
105 2 pos-10-02
106 2 pos-10-03
107 2 pos-10-04
108 2 pos-10-05
109 2 pos-10-06
110 2 pos-10-07
111 2 pos-10-08
112 2 pos-10-09
113 2 pos-10-10
114 2 pos-10-11
115 2 pos-11-01
116 2 pos-11-02
117 2 pos-11-03
118 2 pos-11-04
119 2 pos-11-05
120 2 pos-11-06
121 2 pos-11-07
122 2 pos-11-08
123 2 pos-11-09
124 2 pos-11-10
125 2 pos-11-11
126 5 stone-01
127 5 stone-02
128 5 stone-03
129 5 stone-04
130 5 stone-05
131 5 stone-06
132 5 stone-07
133 5 stone-08
134 5 stone-09
135 5 stone-10
136 5 stone-11
137 5 stone-12
END_OBJECTS
BEGIN_PREDICATES
0 2 clear
1 1 2 at
2 5 at-goal
3 2 is-goal
4 2 is-nongoal
5 2 2 3 move-dir
END_PREDICATES
BEGIN_GOAL
2 126
2 127
2 128
2 129
2 130
2 131
2 132
2 133
2 134
2 135
2 136
2 137
END_GOAL
BEGIN_ACTIONS
END_ACTIONS
BEGIN_STATIC_FACTS
5 124 123 3
5 42 53 2
5 117 106 1
5 52 63 2
4 80
4 113
0 15
4 105
5 105 94 1
4 120
5 87 98 2
0 102
5 87 88 0
4 9
4 5
5 86 97 2
5 41 42 0
5 57 56 3
4 78
5 106 117 2
4 50
4 46
5 20 31 2
4 43
4 16
4 87
5 53 54 0
5 105 104 3
5 113 102 1
5 25 36 2
5 66 55 1
5 42 41 3
5 113 112 3
5 31 32 0
5 106 105 3
0 116
5 21 20 3
5 105 116 2
4 79
5 75 86 2
4 104
5 67 66 3
5 78 77 3
4 106
4 49
4 58
4 31
4 7
5 77 78 0
5 80 79 3
4 111
5 114 103 1
5 5 6 0
5 69 80 2
5 98 109 2
0 124
4 92
5 14 13 3
5 99 110 2
4 91
4 108
5 56 57 0
5 88 99 2
3 75
5 56 55 3
5 21 32 2
4 27
4 11
5 58 69 2
5 13 14 0
5 86 87 0
4 118
5 61 50 1
0 26
5 55 44 1
4 56
5 105 106 0
4 30
5 33 32 3
4 22
5 103 114 2
4 69
5 75 74 3
5 73 72 3
4 51
5 53 42 1
5 88 89 0
5 18 17 3
5 76 87 2
0 117
5 25 26 0
4 6
5 63 64 0
5 58 57 3
5 32 21 1
4 39
5 33 44 2
5 88 87 3
5 61 72 2
5 62 63 0
5 31 20 1
5 31 42 2
4 71
5 72 61 1
4 90
5 104 93 1
5 54 55 0
5 67 78 2
4 84
5 52 41 1
5 54 43 1
4 37
4 94
4 25
0 93
5 52 51 3
5 67 68 0
4 32
4 110
4 121
4 109
3 55
5 37 36 3
5 109 110 0
5 14 25 2
4 125
5 123 124 0
5 87 86 3
5 28 27 3
4 19
5 68 67 3
5 44 33 1
5 112 113 0
3 66
4 13
0 17
5 16 17 0
4 59
5 54 53 3
4 61
0 36
0 14
4 119
5 63 62 3
5 17 28 2
5 79 68 1
5 124 125 0
4 123
5 109 98 1
5 50 61 2
5 15 26 2
5 27 28 0
5 85 86 0
5 45 44 3
4 103
5 74 73 3
0 28
5 43 54 2
4 48
4 67
3 85
5 116 115 3
5 93 94 0
4 88
5 66 77 2
4 35
5 74 63 1
0 112
5 114 113 3
4 73
5 32 43 2
5 98 97 3
5 68 57 1
5 51 62 2
4 40
5 27 16 1
5 73 74 0
5 102 103 0
5 53 64 2
5 42 31 1
3 89
5 98 87 1
5 97 108 2
4 15
5 43 42 3
5 25 24 3
5 75 64 1
5 44 45 0
0 18
5 24 25 0
5 76 75 3
4 98
5 80 69 1
4 102
5 56 45 1
3 64
5 115 116 0
5 63 74 2
5 57 58 0
5 93 104 2
5 15 14 3
5 43 32 1
0 24
0 115
5 72 73 0
5 56 67 2
5 44 43 3
5 102 113 2
4 10
5 44 55 2
5 62 61 3
5 116 117 0
4 116
5 24 13 1
5 108 97 1
5 103 102 3
4 97
0 113
5 43 44 0
0 105
5 112 123 2
5 73 62 1
4 33
0 5
5 86 75 1
5 25 14 1
5 42 43 0
5 64 63 3
4 124
5 89 88 3
5 114 125 2
0 16
4 96
4 29
4 74
4 100
3 45
5 116 105 1
4 65
5 41 52 2
5 76 77 0
4 82
5 22 21 3
0 104
5 125 124 3
5 99 98 3
3 53
4 26
5 74 75 0
5 88 77 1
0 106
5 6 7 0
5 109 108 3
5 78 89 2
5 51 50 3
5 26 25 3
4 114
4 72
5 14 15 0
0 7
5 7 18 2
5 33 22 1
5 18 7 1
4 117
5 52 53 0
4 122
5 85 74 1
5 55 56 0
5 98 99 0
5 22 33 2
5 68 69 0
0 27
5 94 93 3
5 77 88 2
5 113 114 0
5 7 6 3
5 79 78 3
4 99
5 64 75 2
5 79 80 0
4 70
5 17 18 0
3 77
5 94 105 2
5 87 76 1
5 104 105 0
0 6
4 95
4 93
5 16 27 2
5 36 37 0
5 77 66 1
5 110 109 3
5 17 16 3
4 47
4 101
5 55 54 3
4 23
5 6 5 3
5 55 66 2
5 57 68 2
5 5 16 2
5 97 98 0
4 63
5 62 73 2
4 42
5 124 113 1
5 108 109 0
5 50 51 0
3 41
5 64 53 1
4 62
5 26 37 2
4 81
4 17
5 68 79 2
4 34
5 28 17 1
4 36
4 14
5 99 88 1
5 17 6 1
5 74 85 2
0 37
5 37 26 1
0 94
0 25
5 36 25 1
5 104 115 2
5 125 114 1
5 53 52 3
4 68
4 28
5 63 52 1
5 69 68 3
5 77 76 3
5 78 79 0
5 61 62 0
3 76
5 113 124 2
5 117 116 3
5 66 67 0
0 114
4 52
4 12
0 125
5 110 99 1
5 78 67 1
5 89 78 1
5 16 5 1
4 112
5 51 52 0
0 13
4 107
4 57
4 86
4 44
5 32 33 0
4 38
0 123
5 67 56 1
5 75 76 0
5 20 21 0
4 18
0 103
5 69 58 1
4 8
4 83
5 26 15 1
3 54
5 21 22 0
4 60
5 45 56 2
5 32 31 3
4 20
5 115 104 1
5 97 86 1
4 21
4 24
5 86 85 3
5 123 112 1
4 115
5 62 51 1
5 6 17 2
5 13 24 2
END_STATIC_FACTS
BEGIN_STATE_LIST
BEGIN_LABELED_STATE
16
BEGIN_STATE
0 69
0 61
0 109
0 32
0 68
0 58
0 50
0 72
0 41
0 45
0 89
0 57
0 79
0 73
0 99
0 43
0 87
1 126 43
1 127 33
1 128 44
0 54
0 52
0 56
0 74
0 76
0 78
1 129 74
1 130 68
1 131 41
0 42
1 132 87
1 133 88
1 134 86
1 135 56
1 136 87
1 137 77
0 55
1 4 56
0 75
2 137
2 136
2 135
2 134
2 132
2 131
2 130
2 129
2 127
END_STATE
END_LABELED_STATE
BEGIN_LABELED_STATE
15
BEGIN_STATE
0 69
0 61
0 109
0 32
0 68
0 58
0 50
0 72
0 41
0 89
0 57
0 79
0 73
0 99
0 43
0 87
1 126 43
1 127 33
1 128 44
0 54
0 52
0 56
0 74
0 76
0 78
1 129 74
1 130 68
1 131 41
0 42
1 132 87
1 133 88
1 134 86
1 135 56
1 136 87
1 137 77
0 55
1 4 45
0 75
2 137
2 136
2 135
2 134
2 132
2 131
2 130
2 129
2 127
END_STATE
END_LABELED_STATE
BEGIN_LABELED_STATE
14
BEGIN_STATE
0 69
0 61
0 109
0 32
0 68
0 58
0 50
0 72
0 41
0 45
0 89
0 57
0 79
0 73
0 99
0 87
1 126 43
1 127 33
1 128 43
0 54
0 52
0 56
0 74
0 76
0 78
1 129 74
1 130 68
1 131 41
0 42
1 132 87
1 133 88
1 134 86
1 135 56
1 136 87
1 137 77
0 55
1 4 44
0 75
2 137
2 136
2 135
2 134
2 132
2 131
2 130
2 129
2 127
END_STATE
END_LABELED_STATE
BEGIN_LABELED_STATE
13
BEGIN_STATE
0 69
0 61
0 109
0 32
0 68
0 58
0 50
0 72
0 41
0 45
0 89
0 57
0 79
0 73
0 99
0 87
1 126 42
1 127 33
1 128 43
0 54
0 52
0 56
0 74
0 76
0 78
1 129 74
1 130 68
1 131 41
0 44
1 132 87
1 133 88
1 134 86
1 135 56
1 136 87
1 137 77
0 55
1 4 43
0 75
2 137
2 136
2 135
2 134
2 132
2 131
2 130
2 129
2 127
END_STATE
END_LABELED_STATE
BEGIN_LABELED_STATE
12
BEGIN_STATE
0 69
0 61
0 109
0 32
0 68
0 58
0 50
0 72
0 45
0 89
0 57
0 79
0 73
0 99
0 43
0 87
1 126 41
1 127 33
1 128 43
0 54
0 52
0 56
0 74
0 76
0 78
1 129 74
1 130 68
1 131 41
0 44
1 132 87
1 133 88
1 134 86
1 135 56
1 136 87
1 137 77
0 55
1 4 42
0 75
2 137
2 136
2 135
2 134
2 132
2 131
2 130
2 129
2 127
2 126
END_STATE
END_LABELED_STATE
BEGIN_LABELED_STATE
11
BEGIN_STATE
0 69
0 61
0 109
0 32
0 68
0 58
0 50
0 72
0 45
0 89
0 57
0 79
0 73
0 99
0 43
0 87
1 126 41
1 127 33
1 128 44
0 54
0 52
0 56
0 74
0 76
0 78
1 129 74
1 130 68
1 131 41
0 42
1 132 87
1 133 88
1 134 86
1 135 56
1 136 87
1 137 77
0 55
1 4 43
0 75
2 137
2 136
2 135
2 134
2 132
2 131
2 130
2 129
2 127
2 126
END_STATE
END_LABELED_STATE
BEGIN_LABELED_STATE
10
BEGIN_STATE
0 69
0 61
0 109
0 32
0 68
0 58
0 50
0 72
0 89
0 57
0 79
0 73
0 99
0 43
0 87
1 126 41
1 127 33
1 128 45
0 54
0 52
0 56
0 74
0 76
0 78
1 129 74
1 130 68
1 131 41
0 42
1 132 87
1 133 88
1 134 86
1 135 56
1 136 87
1 137 77
0 55
1 4 44
0 75
2 137
2 136
2 135
2 134
2 132
2 131
2 130
2 129
2 128
2 127
2 126
END_STATE
END_LABELED_STATE
BEGIN_LABELED_STATE
9
BEGIN_STATE
0 69
0 61
0 109
0 32
0 68
0 58
0 50
0 72
0 89
0 57
0 79
0 73
0 99
0 43
0 87
1 126 41
1 127 33
1 128 45
0 54
0 52
0 56
0 74
0 76
0 78
1 129 74
1 130 68
1 131 41
0 42
0 44
1 132 87
1 133 88
1 134 86
1 135 56
1 136 87
1 137 77
1 4 55
0 75
2 137
2 136
2 135
2 134
2 132
2 131
2 130
2 129
2 128
2 127
2 126
END_STATE
END_LABELED_STATE
BEGIN_LABELED_STATE
8
BEGIN_STATE
0 69
0 61
0 109
0 32
0 68
0 58
0 50
0 72
0 89
0 57
0 79
0 73
0 99
0 43
0 87
1 126 41
1 127 33
1 128 45
0 54
0 52
0 74
0 76
0 78
1 129 74
1 130 68
1 131 41
0 42
0 44
1 132 87
1 133 88
1 134 86
1 135 56
1 136 87
1 137 77
0 55
1 4 56
0 75
2 137
2 136
2 135
2 134
2 132
2 131
2 130
2 129
2 128
2 127
2 126
END_STATE
END_LABELED_STATE
BEGIN_LABELED_STATE
7
BEGIN_STATE
0 69
0 61
0 109
0 32
0 68
0 58
0 50
0 72
0 89
0 79
0 73
0 99
0 43
0 87
1 126 41
1 127 33
1 128 45
0 54
0 52
0 56
0 74
0 76
0 78
1 129 74
1 130 68
1 131 41
0 42
0 44
1 132 87
1 133 88
1 134 86
1 135 56
1 136 87
1 137 77
0 55
1 4 57
0 75
2 137
2 136
2 135
2 134
2 132
2 131
2 130
2 129
2 128
2 127
2 126
END_STATE
END_LABELED_STATE
BEGIN_LABELED_STATE
6
BEGIN_STATE
0 69
0 61
0 109
0 32
0 58
0 50
0 72
0 89
0 57
0 79
0 73
0 99
0 43
0 87
1 126 41
1 127 33
1 128 45
0 54
0 52
0 56
0 74
0 76
0 78
1 129 74
1 130 68
1 131 41
0 42
0 44
1 132 87
1 133 88
1 134 86
1 135 56
1 136 87
1 137 77
0 55
1 4 68
0 75
2 137
2 136
2 135
2 134
2 132
2 131
2 130
2 129
2 128
2 127
2 126
END_STATE
END_LABELED_STATE
BEGIN_LABELED_STATE
5
BEGIN_STATE
0 69
0 61
0 109
0 32
0 68
0 58
0 50
0 72
0 89
0 57
0 73
0 99
0 43
0 87
1 126 41
1 127 33
1 128 45
0 54
0 52
0 56
0 74
0 76
0 78
1 129 74
1 130 68
1 131 41
0 42
0 44
1 132 87
1 133 88
1 134 86
1 135 56
1 136 87
1 137 77
0 55
1 4 79
0 75
2 137
2 136
2 135
2 134
2 132
2 131
2 130
2 129
2 128
2 127
2 126
END_STATE
END_LABELED_STATE
BEGIN_LABELED_STATE
4
BEGIN_STATE
0 69
0 61
0 109
0 32
0 68
0 58
0 50
0 72
0 89
0 57
0 79
0 73
0 99
0 43
0 87
1 126 41
1 127 33
1 128 45
0 54
0 52
0 56
0 74
0 76
1 129 74
1 130 68
1 131 41
0 42
0 44
1 132 87
1 133 88
1 134 86
1 135 56
1 136 87
1 137 77
0 55
1 4 78
0 75
2 137
2 136
2 135
2 134
2 132
2 131
2 130
2 129
2 128
2 127
2 126
END_STATE
END_LABELED_STATE
BEGIN_LABELED_STATE
3
BEGIN_STATE
0 69
0 61
0 109
0 32
0 68
0 58
0 50
0 72
0 89
0 57
0 79
0 73
0 99
0 43
0 87
1 126 41
1 127 33
1 128 45
0 54
0 52
0 56
0 74
0 78
1 129 74
1 130 68
1 131 41
0 42
0 44
1 132 87
1 133 88
1 134 86
1 135 56
1 136 87
1 137 76
0 55
1 4 77
0 75
2 137
2 136
2 135
2 134
2 132
2 131
2 130
2 129
2 128
2 127
2 126
END_STATE
END_LABELED_STATE
BEGIN_LABELED_STATE
2
BEGIN_STATE
0 69
0 61
0 109
0 32
0 68
0 58
0 50
0 72
0 89
0 57
0 79
0 73
0 99
0 43
0 87
1 126 41
1 127 33
1 128 45
0 54
0 52
0 56
0 74
0 78
1 129 74
1 130 68
1 131 41
0 42
0 44
1 132 87
1 133 88
1 134 86
1 135 56
1 136 87
1 137 75
0 55
1 4 76
0 77
2 137
2 136
2 135
2 134
2 132
2 131
2 130
2 129
2 128
2 127
2 126
END_STATE
END_LABELED_STATE
BEGIN_LABELED_STATE
1
BEGIN_STATE
0 69
0 61
0 109
0 32
0 68
0 58
0 50
0 72
0 89
0 57
0 79
0 73
0 99
0 43
1 126 41
1 127 33
1 128 45
0 54
0 52
0 56
0 74
0 76
0 78
1 129 74
1 130 68
1 131 41
0 42
0 44
1 132 87
1 133 88
1 134 86
1 135 56
1 136 87
1 137 75
0 55
1 4 87
0 77
2 137
2 136
2 135
2 134
2 132
2 131
2 130
2 129
2 128
2 127
2 126
END_STATE
END_LABELED_STATE
BEGIN_LABELED_STATE
0
BEGIN_STATE
0 69
0 61
0 109
0 32
0 68
0 58
0 50
0 72
0 57
0 79
0 73
0 99
0 43
0 87
1 126 41
1 127 33
1 128 45
0 54
0 52
0 56
0 74
0 76
0 78
1 129 74
1 130 68
1 131 41
0 42
0 44
1 132 87
1 133 89
1 134 86
1 135 56
1 136 87
1 137 75
0 55
1 4 88
0 77
2 137
2 136
2 135
2 134
2 133
2 132
2 131
2 130
2 129
2 128
2 127
2 126
END_STATE
END_LABELED_STATE
BEGIN_LABELED_STATE
10
BEGIN_STATE
0 21
0 69
0 61
0 109
0 32
0 68
0 20
0 58
0 80
0 50
0 108
0 45
0 31
0 57
0 79
0 43
0 67
0 87
1 126 75
1 127 33
1 128 44
0 52
0 56
0 74
1 129 56
1 130 32
1 131 31
0 64
0 42
0 66
0 88
1 132 42
1 133 61
1 134 44
1 135 78
1 136 31
1 137 45
0 53
0 55
1 4 76
0 75
2 137
2 135
2 134
2 133
2 132
2 131
2 130
2 129
2 128
2 127
END_STATE
END_LABELED_STATE
BEGIN_LABELED_STATE
9
BEGIN_STATE
0 21
0 69
0 61
0 109
0 32
0 68
0 20
0 58
0 80
0 50
0 108
0 45
0 31
0 57
0 79
0 43
0 67
0 87
1 126 75
1 127 33
1 128 44
0 52
0 56
0 74
0 76
1 129 56
1 130 32
1 131 31
0 64
0 42
0 66
0 88
1 132 42
1 133 61
1 134 44
1 135 78
1 136 31
1 137 45
0 53
0 55
1 4 75
2 137
2 135
2 134
2 133
2 132
2 131
2 130
2 129
2 128
2 127
END_STATE
END_LABELED_STATE
BEGIN_LABELED_STATE
8
BEGIN_STATE
0 21
0 69
0 61
0 109
0 32
0 68
0 20
0 58
0 80
0 50
0 108
0 45
0 31
0 57
0 79
0 43
0 67
0 87
1 126 75
1 127 33
1 128 44
0 52
0 56
0 76
1 129 56
1 130 32
1 131 31
0 64
0 42
0 66
0 88
1 132 42
1 133 61
1 134 44
1 135 78
1 136 31
1 137 45
0 53
0 55
1 4 74
0 75
2 137
2 135
2 134
2 133
2 132
2 131
2 130
2 129
2 128
2 127
END_STATE
END_LABELED_STATE
BEGIN_LABELED_STATE
7
BEGIN_STATE
0 21
0 69
0 61
0 109
0 32
0 68
0 20
0 58
0 80
0 50
0 108
0 45
0 31
0 57
0 79
0 43
0 67
0 87
1 126 76
1 127 33
1 128 44
0 52
0 56
0 74
1 129 56
1 130 32
1 131 31
0 64
0 42
0 66
0 88
1 132 42
1 133 61
1 134 44
1 135 78
1 136 31
1 137 45
0 53
0 55
1 4 75
0 75
2 137
2 135
2 134
2 133
2 132
2 131
2 130
2 129
2 128
2 127
2 126
END_STATE
END_LABELED_STATE
BEGIN_LABELED_STATE
6
BEGIN_STATE
0 21
0 69
0 61
0 109
0 32
0 68
0 20
0 58
0 80
0 50
0 108
0 45
0 31
0 57
0 79
0 43
0 67
0 87
1 126 76
1 127 33
1 128 44
0 52
0 56
0 74
1 129 56
1 130 32
1 131 31
0 42
0 66
0 88
1 132 42
1 133 61
1 134 44
1 135 78
1 136 31
1 137 45
0 53
0 55
1 4 64
0 75
2 137
2 135
2 134
2 133
2 132
2 131
2 130
2 129
2 128
2 127
2 126
END_STATE
END_LABELED_STATE
BEGIN_LABELED_STATE
5
BEGIN_STATE
0 21
0 69
0 61
0 109
0 32
0 68
0 20
0 58
0 80
0 50
0 108
0 45
0 31
0 57
0 79
0 43
0 67
0 87
1 126 76
1 127 33
1 128 44
0 52
0 56
0 74
1 129 56
1 130 32
1 131 31
0 64
0 42
0 66
0 88
1 132 42
1 133 61
1 134 44
1 135 78
1 136 31
1 137 45
0 55
1 4 53
0 75
2 137
2 135
2 134
2 133
2 132
2 131
2 130
2 129
2 128
2 127
2 126
END_STATE
END_LABELED_STATE
BEGIN_LABELED_STATE
4
BEGIN_STATE
0 21
0 69
0 61
0 109
0 32
0 68
0 20
0 58
0 80
0 50
0 108
0 45
0 31
0 57
0 79
0 43
0 67
0 87
1 126 76
1 127 33
1 128 44
0 52
0 56
0 74
1 129 56
1 130 32
1 131 31
0 64
0 66
0 88
1 132 42
1 133 61
1 134 44
1 135 78
1 136 31
1 137 45
0 53
0 55
1 4 42
0 75
2 137
2 135
2 134
2 133
2 132
2 131
2 130
2 129
2 128
2 127
2 126
END_STATE
END_LABELED_STATE
BEGIN_LABELED_STATE
3
BEGIN_STATE
0 21
0 69
0 61
0 109
0 32
0 68
0 20
0 58
0 80
0 50
0 108
0 45
0 57
0 79
0 43
0 67
0 87
1 126 76
1 127 33
1 128 44
0 52
0 56
0 74
1 129 56
1 130 32
1 131 31
0 64
0 42
0 66
0 88
1 132 42
1 133 61
1 134 44
1 135 78
1 136 31
1 137 45
0 53
0 55
1 4 31
0 75
2 137
2 135
2 134
2 133
2 132
2 131
2 130
2 129
2 128
2 127
2 126
END_STATE
END_LABELED_STATE
BEGIN_LABELED_STATE
2
BEGIN_STATE
0 21
0 69
0 61
0 109
0 32
0 68
0 58
0 80
0 50
0 108
0 45
0 31
0 57
0 79
0 43
0 67
0 87
1 126 76
1 127 33
1 128 44
0 52
0 56
0 74
1 129 56
1 130 32
1 131 31
0 64
0 42
0 66
0 88
1 132 42
1 133 61
1 134 44
1 135 78
1 136 31
1 137 45
0 53
0 55
1 4 20
0 75
2 137
2 135
2 134
2 133
2 132
2 131
2 130
2 129
2 128
2 127
2 126
END_STATE
END_LABELED_STATE
BEGIN_LABELED_STATE
1
BEGIN_STATE
0 21
0 69
0 61
0 109
0 32
0 68
0 20
0 58
0 80
0 50
0 108
0 45
0 31
0 57
0 79
0 43
0 67
0 87
1 126 76
1 127 33
1 128 44
0 52
0 56
0 74
1 129 56
1 130 32
1 131 31
0 64
0 66
0 88
1 132 42
1 133 61
1 134 44
1 135 78
1 136 42
1 137 45
0 53
0 55
1 4 31
0 75
2 137
2 135
2 134
2 133
2 132
2 131
2 130
2 129
2 128
2 127
2 126
END_STATE
END_LABELED_STATE
BEGIN_LABELED_STATE
0
BEGIN_STATE
0 21
0 69
0 61
0 109
0 32
0 68
0 20
0 58
0 80
0 50
0 108
0 45
0 31
0 57
0 79
0 43
0 67
0 87
1 126 76
1 127 33
1 128 44
0 52
0 56
0 74
1 129 56
1 130 32
1 131 31
0 64
0 66
0 88
1 132 42
1 133 61
1 134 44
1 135 78
1 136 53
1 137 45
0 55
1 4 42
0 75
2 137
2 136
2 135
2 134
2 133
2 132
2 131
2 130
2 129
2 128
2 127
2 126
END_STATE
END_LABELED_STATE
BEGIN_LABELED_STATE
16
BEGIN_STATE
0 69
0 61
0 109
0 68
0 20
0 58
0 80
0 50
0 72
0 108
0 110
0 85
0 33
0 57
0 73
0 97
0 99
0 43
0 63
0 87
1 126 67
1 127 20
1 128 63
0 52
0 76
0 78
1 129 74
1 130 20
1 131 62
0 64
0 42
0 86
0 66
1 132 31
1 133 85
1 134 79
1 135 20
1 136 43
1 137 73
0 53
0 55
1 4 98
0 75
0 77
2 137
2 136
2 135
2 134
2 133
2 132
2 131
2 130
2 129
2 127
2 126
END_STATE
END_LABELED_STATE
BEGIN_LABELED_STATE
15
BEGIN_STATE
0 69
0 61
0 109
0 68
0 98
0 20
0 58
0 80
0 50
0 72
0 108
0 110
0 85
0 33
0 57
0 73
0 99
0 43
0 63
0 87
1 126 67
1 127 20
1 128 63
0 52
0 76
0 78
1 129 74
1 130 20
1 131 62
0 64
0 42
0 86
0 66
1 132 31
1 133 85
1 134 79
1 135 20
1 136 43
1 137 73
0 53
0 55
1 4 97
0 75
0 77
2 137
2 136
2 135
2 134
2 133
2 132
2 131
2 130
2 129
2 127
2 126
END_STATE
END_LABELED_STATE
BEGIN_LABELED_STATE
14
BEGIN_STATE
0 69
0 61
0 109
0 68
0 98
0 20
0 58
0 80
0 50
0 72
0 108
0 110
0 85
0 33
0 57
0 73
0 97
0 99
0 43
0 63
0 87
1 126 67
1 127 20
1 128 63
0 52
0 76
0 78
1 129 74
1 130 20
1 131 62
0 64
0 42
0 66
1 132 31
1 133 85
1 134 79
1 135 20
1 136 43
1 137 73
0 53
0 55
1 4 86
0 75
0 77
2 137
2 136
2 135
2 134
2 133
2 132
2 131
2 130
2 129
2 127
2 126
END_STATE
END_LABELED_STATE
BEGIN_LABELED_STATE
13
BEGIN_STATE
0 69
0 61
0 109
0 68
0 98
0 20
0 58
0 80
0 50
0 72
0 108
0 110
0 85
0 33
0 57
0 73
0 97
0 99
0 43
0 63
0 87
1 126 67
1 127 20
1 128 63
0 52
0 76
0 78
1 129 74
1 130 20
1 131 62
0 64
0 42
0 86
0 66
1 132 31
1 133 85
1 134 79
1 135 20
1 136 43
1 137 73
0 53
0 55
1 4 75
0 77
2 137
2 136
2 135
2 134
2 133
2 132
2 131
2 130
2 129
2 127
2 126
END_STATE
END_LABELED_STATE
BEGIN_LABELED_STATE
12
BEGIN_STATE
0 69
0 61
0 109
0 68
0 98
0 20
0 58
0 80
0 50
0 72
0 108
0 110
0 85
0 33
0 57
0 73
0 97
0 99
0 43
0 63
0 87
1 126 67
1 127 20
1 128 63
0 52
0 76
0 78
1 129 74
1 130 20
1 131 62
0 42
0 86
0 66
1 132 31
1 133 85
1 134 79
1 135 20
1 136 43
1 137 73
0 53
0 55
1 4 64
0 75
0 77
2 137
2 136
2 135
2 134
2 133
2 132
2 131
2 130
2 129
2 127
2 126
END_STATE
END_LABELED_STATE
BEGIN_LABELED_STATE
11
BEGIN_STATE
0 69
0 61
0 109
0 68
0 98
0 20
0 58
0 80
0 50
0 72
0 108
0 110
0 85
0 33
0 57
0 73
0 97
0 99
0 43
0 87
1 126 67
1 127 20
1 128 63
0 52
0 76
0 78
1 129 74
1 130 20
1 131 62
0 64
0 42
0 86
0 66
1 132 31
1 133 85
1 134 79
1 135 20
1 136 43
1 137 73
0 53
0 55
1 4 63
0 75
0 77
2 137
2 136
2 135
2 134
2 133
2 132
2 131
2 130
2 129
2 127
2 126
END_STATE
END_LABELED_STATE
BEGIN_LABELED_STATE
10
BEGIN_STATE
0 69
0 61
0 109
0 68
0 98
0 20
0 58
0 80
0 50
0 72
0 108
0 110
0 33
0 57
0 73
0 97
0 99
0 43
0 63
0 87
1 126 67
1 127 20
1 128 63
0 52
0 76
0 78
1 129 85
1 130 20
1 131 62
0 64
0 42
0 86
0 66
1 132 31
1 133 85
1 134 79
1 135 20
1 136 43
1 137 73
0 53
0 55
1 4 74
0 75
0 77
2 137
2 136
2 135
2 134
2 133
2 132
2 131
2 130
2 129
2 127
2 126
END_STATE
END_LABELED_STATE
BEGIN_LABELED_STATE
9
BEGIN_STATE
0 69
0 61
0 109
0 68
0 98
0 20
0 58
0 80
0 50
0 72
0 108
0 110
0 33
0 57
0 97
0 99
0 43
0 63
0 87
1 126 67
1 127 20
1 128 63
0 52
0 74
0 76
0 78
1 129 85
1 130 20
1 131 62
0 64
0 42
0 86
0 66
1 132 31
1 133 85
1 134 79
1 135 20
1 136 43
1 137 73
0 53
0 55
1 4 73
0 75
0 77
2 137
2 136
2 135
2 134
2 133
2 132
2 131
2 130
2 129
2 127
2 126
END_STATE
END_LABELED_STATE
BEGIN_LABELED_STATE
8
BEGIN_STATE
0 69
0 61
0 109
0 68
0 98
0 20
0 58
0 80
0 50
0 108
0 110
0 33
0 57
0 73
0 97
0 99
0 43
0 63
0 87
1 126 67
1 127 20
1 128 63
0 52
0 74
0 76
0 78
1 129 85
1 130 20
1 131 62
0 64
0 42
0 86
0 66
1 132 31
1 133 85
1 134 79
1 135 20
1 136 43
1 137 73
0 53
0 55
1 4 72
0 75
0 77
2 137
2 136
2 135
2 134
2 133
2 132
2 131
2 130
2 129
2 127
2 126
END_STATE
END_LABELED_STATE
BEGIN_LABELED_STATE
7
BEGIN_STATE
0 69
0 109
0 68
0 98
0 20
0 58
0 80
0 50
0 72
0 108
0 110
0 33
0 57
0 73
0 97
0 99
0 43
0 63
0 87
1 126 67
1 127 20
1 128 63
0 52
0 74
0 76
0 78
1 129 85
1 130 20
1 131 62
0 64
0 42
0 86
0 66
1 132 31
1 133 85
1 134 79
1 135 20
1 136 43
1 137 73
0 53
0 55
1 4 61
0 75
0 77
2 137
2 136
2 135
2 134
2 133
2 132
2 131
2 130
2 129
2 127
2 126
END_STATE
END_LABELED_STATE
BEGIN_LABELED_STATE
6
BEGIN_STATE
0 69
0 61
0 109
0 68
0 98
0 20
0 58
0 80
0 50
0 72
0 108
0 110
0 33
0 57
0 73
0 97
0 99
0 43
0 87
1 126 67
1 127 20
1 128 63
0 52
0 74
0 76
0 78
1 129 85
1 130 20
1 131 63
0 64
0 42
0 86
0 66
1 132 31
1 133 85
1 134 79
1 135 20
1 136 43
1 137 73
0 53
0 55
1 4 62
0 75
0 77
2 137
2 136
2 135
2 134
2 133
2 132
2 130
2 129
2 127
2 126
END_STATE
END_LABELED_STATE
BEGIN_LABELED_STATE
5
BEGIN_STATE
0 69
0 61
0 109
0 68
0 62
0 98
0 20
0 58
0 80
0 50
0 72
0 108
0 110
0 33
0 57
0 73
0 97
0 99
0 43
0 87
1 126 67
1 127 20
1 128 64
0 52
0 74
0 76
0 78
1 129 85
1 130 20
1 131 63
0 42
0 86
0 66
1 132 31
1 133 85
1 134 79
1 135 20
1 136 43
1 137 73
0 53
0 55
1 4 63
0 75
0 77
2 137
2 136
2 135
2 134
2 133
2 132
2 130
2 129
2 128
2 127
2 126
END_STATE
END_LABELED_STATE
BEGIN_LABELED_STATE
4
BEGIN_STATE
0 69
0 61
0 109
0 68
0 62
0 98
0 20
0 58
0 80
0 50
0 72
0 108
0 110
0 33
0 57
0 73
0 97
0 99
0 43
0 63
0 87
1 126 67
1 127 20
1 128 64
0 74
0 76
0 78
1 129 85
1 130 20
1 131 63
0 42
0 86
0 66
1 132 31
1 133 85
1 134 79
1 135 20
1 136 43
1 137 73
0 53
0 55
1 4 52
0 75
0 77
2 137
2 136
2 135
2 134
2 133
2 132
2 130
2 129
2 128
2 127
2 126
END_STATE
END_LABELED_STATE
BEGIN_LABELED_STATE
3
BEGIN_STATE
0 69
0 61
0 109
0 68
0 62
0 98
0 20
0 58
0 80
0 50
0 72
0 108
0 110
0 33
0 57
0 73
0 97
0 99
0 43
0 63
0 87
1 126 67
1 127 20
1 128 64
0 52
0 76
0 78
1 129 85
1 130 20
1 131 74
0 42
0 86
0 66
1 132 31
1 133 85
1 134 79
1 135 20
1 136 43
1 137 73
0 53
0 55
1 4 63
0 75
0 77
2 137
2 136
2 135
2 134
2 133
2 132
2 130
2 129
2 128
2 127
2 126
END_STATE
END_LABELED_STATE
BEGIN_LABELED_STATE
2
BEGIN_STATE
0 69
0 61
0 109
0 68
0 98
0 20
0 58
0 80
0 50
0 72
0 108
0 110
0 33
0 57
0 73
0 97
0 99
0 43
0 63
0 87
1 126 67
1 127 20
1 128 64
0 52
0 76
0 78
1 129 85
1 130 20
1 131 74
0 42
0 86
0 66
1 132 31
1 133 85
1 134 79
1 135 20
1 136 43
1 137 73
0 53
0 55
1 4 62
0 75
0 77
2 137
2 136
2 135
2 134
2 133
2 132
2 130
2 129
2 128
2 127
2 126
END_STATE
END_LABELED_STATE
BEGIN_LABELED_STATE
1
BEGIN_STATE
0 69
0 61
0 109
0 68
0 62
0 98
0 20
0 58
0 80
0 50
0 72
0 108
0 110
0 33
0 57
0 97
0 99
0 43
0 63
0 87
1 126 67
1 127 20
1 128 64
0 52
0 76
0 78
1 129 85
1 130 20
1 131 74
0 42
0 86
0 66
1 132 31
1 133 85
1 134 79
1 135 20
1 136 43
1 137 73
0 53
0 55
1 4 73
0 75
0 77
2 137
2 136
2 135
2 134
2 133
2 132
2 130
2 129
2 128
2 127
2 126
END_STATE
END_LABELED_STATE
BEGIN_LABELED_STATE
0
BEGIN_STATE
0 69
0 61
0 109
0 68
0 62
0 98
0 20
0 58
0 80
0 50
0 72
0 108
0 110
0 33
0 57
0 73
0 97
0 99
0 43
0 63
0 87
1 126 67
1 127 20
1 128 64
0 52
0 76
0 78
1 129 85
1 130 20
1 131 75
0 42
0 86
0 66
1 132 31
1 133 85
1 134 79
1 135 20
1 136 43
1 137 73
0 53
0 55
1 4 74
0 77
2 137
2 136
2 135
2 134
2 133
2 132
2 131
2 130
2 129
2 128
2 127
2 126
END_STATE
END_LABELED_STATE
BEGIN_LABELED_STATE
17
BEGIN_STATE
0 21
0 109
0 32
0 68
0 62
0 98
0 58
0 80
0 108
0 41
0 89
0 85
0 57
0 79
0 51
0 73
0 97
0 99
0 43
0 87
1 126 76
1 127 85
1 128 88
0 74
0 78
1 129 51
1 130 31
1 131 52
0 64
0 42
0 86
0 66
1 132 109
1 133 79
1 134 97
1 135 74
1 136 89
1 137 54
0 55
1 4 63
0 75
0 77
2 137
2 136
2 132
2 131
2 130
2 129
2 127
END_STATE
END_LABELED_STATE
BEGIN_LABELED_STATE
16
BEGIN_STATE
0 21
0 109
0 32
0 68
0 62
0 98
0 58
0 80
0 108
0 41
0 89
0 57
0 79
0 51
0 73
0 97
0 99
0 43
0 63
0 87
1 126 76
1 127 85
1 128 88
0 74
0 78
1 129 51
1 130 31
1 131 52
0 64
0 42
0 86
0 66
1 132 109
1 133 79
1 134 97
1 135 85
1 136 89
1 137 54
0 55
1 4 74
0 75
0 77
2 137
2 136
2 135
2 132
2 131
2 130
2 129
2 127
END_STATE
END_LABELED_STATE
BEGIN_LABELED_STATE
15
BEGIN_STATE
0 21
0 109
0 32
0 68
0 62
0 98
0 58
0 80
0 108
0 41
0 89
0 57
0 79
0 51
0 73
0 97
0 99
0 43
0 63
0 87
1 126 76
1 127 85
1 128 88
0 74
0 78
1 129 51
1 130 31
1 131 52
0 64
0 42
0 86
0 66
1 132 109
1 133 79
1 134 97
1 135 85
1 136 89
1 137 54
0 55
1 4 75
0 77
2 137
2 136
2 135
2 132
2 131
2 130
2 129
2 127
END_STATE
END_LABELED_STATE
BEGIN_LABELED_STATE
14
BEGIN_STATE
0 21
0 109
0 32
0 68
0 62
0 98
0 58
0 80
0 108
0 41
0 89
0 57
0 79
0 51
0 73
0 97
0 99
0 43
0 63
0 87
1 126 76
1 127 85
1 128 88
0 74
0 78
1 129 51
1 130 31
1 131 52
0 64
0 42
0 66
1 132 109
1 133 79
1 134 97
1 135 85
1 136 89
1 137 54
0 55
1 4 86
0 75
0 77
2 137
2 136
2 135
2 132
2 131
2 130
2 129
2 127
END_STATE
END_LABELED_STATE
BEGIN_LABELED_STATE
13
BEGIN_STATE
0 21
0 109
0 32
0 68
0 62
0 98
0 58
0 80
0 108
0 41
0 89
0 57
0 79
0 51
0 73
0 99
0 43
0 63
0 87
1 126 76
1 127 85
1 128 88
0 74
0 78
1 129 51
1 130 31
1 131 52
0 64
0 42
0 86
0 66
1 132 109
1 133 79
1 134 97
1 135 85
1 136 89
1 137 54
0 55
1 4 97
0 75
0 77
2 137
2 136
2 135
2 132
2 131
2 130
2 129
2 127
END_STATE
END_LABELED_STATE
BEGIN_LABELED_STATE
12
BEGIN_STATE
0 21
0 109
0 32
0 68
0 62
0 98
0 58
0 80
0 41
0 89
0 57
0 79
0 51
0 73
0 97
0 99
0 43
0 63
0 87
1 126 76
1 127 85
1 128 88
0 74
0 78
1 129 51
1 130 31
1 131 52
0 64
0 42
0 86
0 66
1 132 109
1 133 79
1 134 97
1 135 85
1 136 89
1 137 54
0 55
1 4 108
0 75
0 77
2 137
2 136
2 135
2 132
2 131
2 130
2 129
2 127
END_STATE
END_LABELED_STATE
BEGIN_LABELED_STATE
11
BEGIN_STATE
0 21
0 109
0 32
0 68
0 62
0 98
0 58
0 80
0 108
0 41
0 89
0 57
0 79
0 51
0 73
0 97
0 99
0 43
0 63
0 87
1 126 76
1 127 85
1 128 88
0 74
0 78
1 129 51
1 130 31
1 131 52
0 64
0 42
0 66
1 132 109
1 133 79
1 134 86
1 135 85
1 136 89
1 137 54
0 55
1 4 97
0 75
0 77
2 137
2 136
2 135
2 132
2 131
2 130
2 129
2 127
END_STATE
END_LABELED_STATE
BEGIN_LABELED_STATE
10
BEGIN_STATE
0 21
0 109
0 32
0 68
0 62
0 98
0 58
0 80
0 108
0 41
0 89
0 57
0 79
0 51
0 73
0 97
0 99
0 43
0 63
0 87
1 126 76
1 127 85
1 128 88
0 74
0 78
1 129 51
1 130 31
1 131 52
0 64
0 42
0 66
1 132 109
1 133 79
1 134 75
1 135 85
1 136 89
1 137 54
0 55
1 4 86
0 77
2 137
2 136
2 135
2 134
2 132
2 131
2 130
2 129
2 127
END_STATE
END_LABELED_STATE
BEGIN_LABELED_STATE
9
BEGIN_STATE
0 21
0 109
0 32
0 68
0 62
0 98
0 58
0 80
0 108
0 41
0 89
0 57
0 79
0 51
0 73
0 97
0 99
0 43
0 63
0 87
1 126 76
1 127 85
1 128 88
0 74
0 78
1 129 51
1 130 31
1 131 52
0 42
0 86
0 66
1 132 109
1 133 79
1 134 64
1 135 85
1 136 89
1 137 54
0 55
1 4 75
0 77
2 137
2 136
2 135
2 134
2 132
2 131
2 130
2 129
2 127
END_STATE
END_LABELED_STATE
BEGIN_LABELED_STATE
8
BEGIN_STATE
0 21
0 109
0 32
0 68
0 62
0 98
0 58
0 80
0 108
0 41
0 89
0 57
0 79
0 51
0 73
0 97
0 99
0 43
0 63
0 87
1 126 77
1 127 85
1 128 88
0 74
0 78
1 129 51
1 130 31
1 131 52
0 42
0 86
0 66
1 132 109
1 133 79
1 134 64
1 135 85
1 136 89
1 137 54
0 55
1 4 76
0 75
2 137
2 136
2 135
2 134
2 132
2 131
2 130
2 129
2 127
2 126
END_STATE
END_LABELED_STATE
BEGIN_LABELED_STATE
7
BEGIN_STATE
0 21
0 109
0 32
0 68
0 62
0 98
0 58
0 80
0 108
0 41
0 89
0 57
0 79
0 51
0 73
0 97
0 99
0 43
0 63
1 126 77
1 127 85
1 128 88
0 74
0 76
0 78
1 129 51
1 130 31
1 131 52
0 42
0 86
0 66
1 132 109
1 133 79
1 134 64
1 135 85
1 136 89
1 137 54
0 55
1 4 87
0 75
2 137
2 136
2 135
2 134
2 132
2 131
2 130
2 129
2 127
2 126
END_STATE
END_LABELED_STATE
BEGIN_LABELED_STATE
6
BEGIN_STATE
0 21
0 109
0 32
0 68
0 62
0 98
0 58
0 80
0 108
0 41
0 57
0 79
0 51
0 73
0 97
0 99
0 43
0 63
0 87
1 126 77
1 127 85
1 128 89
0 74
0 76
0 78
1 129 51
1 130 31
1 131 52
0 42
0 86
0 66
1 132 109
1 133 79
1 134 64
1 135 85
1 136 89
1 137 54
0 55
1 4 88
0 75
2 137
2 136
2 135
2 134
2 132
2 131
2 130
2 129
2 128
2 127
2 126
END_STATE
END_LABELED_STATE
BEGIN_LABELED_STATE
5
BEGIN_STATE
0 21
0 109
0 32
0 68
0 62
0 98
0 58
0 80
0 108
0 41
0 57
0 79
0 51
0 73
0 97
0 99
0 43
0 63
0 87
1 126 66
1 127 85
1 128 89
0 74
0 76
0 78
1 129 51
1 130 31
1 131 52
0 42
0 86
0 88
1 132 109
1 133 79
1 134 64
1 135 85
1 136 89
1 137 54
0 55
1 4 77
0 75
2 137
2 136
2 135
2 134
2 132
2 131
2 130
2 129
2 128
2 127
2 126
END_STATE
END_LABELED_STATE
BEGIN_LABELED_STATE
4
BEGIN_STATE
0 21
0 109
0 32
0 68
0 62
0 98
0 58
0 80
0 108
0 41
0 57
0 79
0 51
0 73
0 97
0 99
0 43
0 63
0 87
1 126 66
1 127 85
1 128 89
0 74
0 76
1 129 51
1 130 31
1 131 52
0 42
0 86
0 88
1 132 109
1 133 79
1 134 64
1 135 85
1 136 89
1 137 54
0 55
1 4 78
0 75
0 77
2 137
2 136
2 135
2 134
2 132
2 131
2 130
2 129
2 128
2 127
2 126
END_STATE
END_LABELED_STATE
BEGIN_LABELED_STATE
3
BEGIN_STATE
0 21
0 109
0 32
0 68
0 62
0 98
0 58
0 80
0 108
0 41
0 57
0 51
0 73
0 97
0 99
0 43
0 63
0 87
1 126 66
1 127 85
1 128 89
0 74
0 76
0 78
1 129 51
1 130 31
1 131 52
0 42
0 86
0 88
1 132 109
1 133 79
1 134 64
1 135 85
1 136 89
1 137 54
0 55
1 4 79
0 75
0 77
2 137
2 136
2 135
2 134
2 132
2 131
2 130
2 129
2 128
2 127
2 126
END_STATE
END_LABELED_STATE
BEGIN_LABELED_STATE
2
BEGIN_STATE
0 21
0 109
0 32
0 68
0 62
0 98
0 58
0 108
0 41
0 57
0 79
0 51
0 73
0 97
0 99
0 43
0 63
0 87
1 126 66
1 127 85
1 128 89
0 74
0 76
0 78
1 129 51
1 130 31
1 131 52
0 42
0 86
0 88
1 132 109
1 133 79
1 134 64
1 135 85
1 136 89
1 137 54
0 55
1 4 80
0 75
0 77
2 137
2 136
2 135
2 134
2 132
2 131
2 130
2 129
2 128
2 127
2 126
END_STATE
END_LABELED_STATE
BEGIN_LABELED_STATE
1
BEGIN_STATE
0 21
0 109
0 32
0 68
0 62
0 98
0 58
0 80
0 108
0 41
0 57
0 79
0 51
0 73
0 97
0 99
0 43
0 63
0 87
1 126 66
1 127 85
1 128 89
0 74
0 76
1 129 51
1 130 31
1 131 52
0 42
0 86
0 88
1 132 109
1 133 78
1 134 64
1 135 85
1 136 89
1 137 54
0 55
1 4 79
0 75
0 77
2 137
2 136
2 135
2 134
2 132
2 131
2 130
2 129
2 128
2 127
2 126
END_STATE
END_LABELED_STATE
BEGIN_LABELED_STATE
0
BEGIN_STATE
0 21
0 109
0 32
0 68
0 62
0 98
0 58
0 80
0 108
0 41
0 57
0 79
0 51
0 73
0 97
0 99
0 43
0 63
0 87
1 126 66
1 127 85
1 128 89
0 74
0 76
1 129 51
1 130 31
1 131 52
0 42
0 86
0 88
1 132 109
1 133 77
1 134 64
1 135 85
1 136 89
1 137 54
0 55
1 4 78
0 75
2 137
2 136
2 135
2 134
2 133
2 132
2 131
2 130
2 129
2 128
2 127
2 126
END_STATE
END_LABELED_STATE
BEGIN_LABELED_STATE
4
BEGIN_STATE
0 21
0 61
0 20
0 22
0 58
0 80
0 72
0 108
0 41
0 45
0 89
0 57
0 79
0 73
0 97
0 99
0 67
0 63
0 87
1 126 67
1 127 41
1 128 76
0 54
0 56
0 76
1 129 42
1 130 67
1 131 52
0 42
0 44
0 66
0 88
1 132 110
1 133 41
1 134 55
1 135 43
1 136 50
1 137 22
0 53
0 55
1 4 41
0 75
0 77
2 137
2 136
2 135
2 133
2 132
2 131
2 130
2 129
2 128
2 127
2 126
END_STATE
END_LABELED_STATE
BEGIN_LABELED_STATE
3
BEGIN_STATE
0 21
0 61
0 20
0 22
0 58
0 80
0 72
0 108
0 41
0 45
0 89
0 57
0 79
0 73
0 97
0 99
0 67
0 63
0 87
1 126 67
1 127 41
1 128 76
0 54
0 56
0 76
1 129 42
1 130 67
1 131 52
0 44
0 66
0 88
1 132 110
1 133 41
1 134 55
1 135 43
1 136 50
1 137 22
0 53
0 55
1 4 42
0 75
0 77
2 137
2 136
2 135
2 133
2 132
2 131
2 130
2 129
2 128
2 127
2 126
END_STATE
END_LABELED_STATE
BEGIN_LABELED_STATE
2
BEGIN_STATE
0 21
0 61
0 20
0 22
0 58
0 80
0 72
0 108
0 41
0 45
0 89
0 57
0 79
0 73
0 97
0 99
0 67
0 63
0 87
1 126 67
1 127 41
1 128 76
0 54
0 56
0 76
1 129 42
1 130 67
1 131 52
0 42
0 66
0 88
1 132 110
1 133 41
1 134 55
1 135 44
1 136 50
1 137 22
0 53
0 55
1 4 43
0 75
0 77
2 137
2 136
2 133
2 132
2 131
2 130
2 129
2 128
2 127
2 126
END_STATE
END_LABELED_STATE
BEGIN_LABELED_STATE
1
BEGIN_STATE
0 21
0 61
0 20
0 22
0 58
0 80
0 72
0 108
0 41
0 89
0 57
0 79
0 73
0 97
0 99
0 43
0 67
0 63
0 87
1 126 67
1 127 41
1 128 76
0 54
0 56
0 76
1 129 42
1 130 67
1 131 52
0 42
0 66
0 88
1 132 110
1 133 41
1 134 55
1 135 45
1 136 50
1 137 22
0 53
0 55
1 4 44
0 75
0 77
2 137
2 136
2 135
2 133
2 132
2 131
2 130
2 129
2 128
2 127
2 126
END_STATE
END_LABELED_STATE
BEGIN_LABELED_STATE
0
BEGIN_STATE
0 21
0 61
0 20
0 22
0 58
0 80
0 72
0 108
0 41
0 89
0 57
0 79
0 73
0 97
0 99
0 43
0 67
0 63
0 87
1 126 67
1 127 41
1 128 76
0 54
0 56
0 76
1 129 42
1 130 67
1 131 52
0 42
0 44
0 88
1 132 110
1 133 41
1 134 66
1 135 45
1 136 50
1 137 22
0 53
0 55
1 4 55
0 75
0 77
2 137
2 136
2 135
2 134
2 133
2 132
2 131
2 130
2 129
2 128
2 127
2 126
END_STATE
END_LABELED_STATE
END_STATE_LIST
